  2    2   0  8.4717499  0.0000000  0.0000000  0.0000000  0.0000000  0.0000000
      0.769004753    0.769004753   -0.000000000
      0.769004753   -0.769004753   -0.000000000
      0.769004753    0.000000000    0.769004753
           1  'Pb '    188851.24717211360     
           2  'Te '    116300.28542066456     
    1    1     -0.0000000000      0.0000000000      0.0000000000
    2    2      0.7690047534     -0.0000000000     -0.0000000000
 T
        236.424397781470         -0.000000000000         -0.000000000000
         -0.000000000000        236.424397781470          0.000000000000
         -0.000000000000          0.000000000000        236.424397781470
    1
     17.0243442     -0.0000000      0.0000000
     -0.0000000     17.0243442      0.0000000
      0.0000000      0.0000000     17.0243442
    2
    -30.3470667      0.0000000     -0.0000000
      0.0000000    -30.3470667     -0.0000000
     -0.0000000     -0.0000000    -30.3470667
   2   2   2
   1   1   1   1
   1   1   1  -6.44354600000E-02
   2   1   1   1.13155750000E-03
   1   2   1   1.13155750000E-03
   2   2   1  -1.09085220000E-01
   1   1   2   1.13155750000E-03
   2   1   2  -2.71907000000E-03
   1   2   2  -2.71907000000E-03
   2   2   2   1.13155750000E-03
   1   1   1   2
   1   1   1   6.93250012500E-02
   2   1   1   8.94390125000E-03
   1   2   1   8.94390125000E-03
   2   2   1   6.93250012500E-02
   1   1   2   8.94390125000E-03
   2   1   2   1.70151625000E-03
   1   2   2   1.70151625000E-03
   2   2   2   8.94390125000E-03
   1   1   2   1
   1   1   1   6.93250012500E-02
   2   1   1   8.94390125000E-03
   1   2   1   8.94390125000E-03
   2   2   1   6.93250012500E-02
   1   1   2   8.94390125000E-03
   2   1   2   1.70151625000E-03
   1   2   2   1.70151625000E-03
   2   2   2   8.94390125000E-03
   1   1   2   2
   1   1   1  -5.31239100000E-02
   2   1   1   2.64778500000E-03
   1   2   1   2.64778500000E-03
   2   2   1  -1.20088240000E-01
   1   1   2   2.64778500000E-03
   2   1   2   1.31276150000E-02
   1   2   2   1.31276150000E-02
   2   2   2   2.64778500000E-03
   1   2   1   1
   1   1   1   0.00000000000E+00
   2   1   1  -1.33617950000E-02
   1   2   1   1.33617950000E-02
   2   2   1   0.00000000000E+00
   1   1   2   0.00000000000E+00
   2   1   2   0.00000000000E+00
   1   2   2   0.00000000000E+00
   2   2   2   0.00000000000E+00
   1   2   1   2
   1   1   1   0.00000000000E+00
   2   1   1   0.00000000000E+00
   1   2   1   0.00000000000E+00
   2   2   1   0.00000000000E+00
   1   1   2   0.00000000000E+00
   2   1   2   0.00000000000E+00
   1   2   2   0.00000000000E+00
   2   2   2   0.00000000000E+00
   1   2   2   1
   1   1   1   0.00000000000E+00
   2   1   1   0.00000000000E+00
   1   2   1   0.00000000000E+00
   2   2   1   0.00000000000E+00
   1   1   2   0.00000000000E+00
   2   1   2   0.00000000000E+00
   1   2   2   0.00000000000E+00
   2   2   2   0.00000000000E+00
   1   2   2   2
   1   1   1   0.00000000000E+00
   2   1   1   7.18336500000E-03
   1   2   1  -7.18336500000E-03
   2   2   1   0.00000000000E+00
   1   1   2   0.00000000000E+00
   2   1   2   0.00000000000E+00
   1   2   2   0.00000000000E+00
   2   2   2   0.00000000000E+00
   1   3   1   1
   1   1   1   0.00000000000E+00
   2   1   1   0.00000000000E+00
   1   2   1   0.00000000000E+00
   2   2   1   0.00000000000E+00
   1   1   2  -1.33617950000E-02
   2   1   2   0.00000000000E+00
   1   2   2   0.00000000000E+00
   2   2   2   1.33617950000E-02
   1   3   1   2
   1   1   1   0.00000000000E+00
   2   1   1   0.00000000000E+00
   1   2   1   0.00000000000E+00
   2   2   1   0.00000000000E+00
   1   1   2   0.00000000000E+00
   2   1   2   0.00000000000E+00
   1   2   2   0.00000000000E+00
   2   2   2   0.00000000000E+00
   1   3   2   1
   1   1   1   0.00000000000E+00
   2   1   1   0.00000000000E+00
   1   2   1   0.00000000000E+00
   2   2   1   0.00000000000E+00
   1   1   2   0.00000000000E+00
   2   1   2   0.00000000000E+00
   1   2   2   0.00000000000E+00
   2   2   2   0.00000000000E+00
   1   3   2   2
   1   1   1   0.00000000000E+00
   2   1   1   0.00000000000E+00
   1   2   1   0.00000000000E+00
   2   2   1   0.00000000000E+00
   1   1   2   7.18336500000E-03
   2   1   2   0.00000000000E+00
   1   2   2   0.00000000000E+00
   2   2   2  -7.18336500000E-03
   2   1   1   1
   1   1   1   0.00000000000E+00
   2   1   1  -1.33617950000E-02
   1   2   1   1.33617950000E-02
   2   2   1   0.00000000000E+00
   1   1   2   0.00000000000E+00
   2   1   2   0.00000000000E+00
   1   2   2   0.00000000000E+00
   2   2   2   0.00000000000E+00
   2   1   1   2
   1   1   1   0.00000000000E+00
   2   1   1   0.00000000000E+00
   1   2   1   0.00000000000E+00
   2   2   1   0.00000000000E+00
   1   1   2   0.00000000000E+00
   2   1   2   0.00000000000E+00
   1   2   2   0.00000000000E+00
   2   2   2   0.00000000000E+00
   2   1   2   1
   1   1   1   0.00000000000E+00
   2   1   1   0.00000000000E+00
   1   2   1   0.00000000000E+00
   2   2   1   0.00000000000E+00
   1   1   2   0.00000000000E+00
   2   1   2   0.00000000000E+00
   1   2   2   0.00000000000E+00
   2   2   2   0.00000000000E+00
   2   1   2   2
   1   1   1   0.00000000000E+00
   2   1   1   7.18336500000E-03
   1   2   1  -7.18336500000E-03
   2   2   1   0.00000000000E+00
   1   1   2   0.00000000000E+00
   2   1   2   0.00000000000E+00
   1   2   2   0.00000000000E+00
   2   2   2   0.00000000000E+00
   2   2   1   1
   1   1   1  -6.44354600000E-02
   2   1   1   1.13155750000E-03
   1   2   1   1.13155750000E-03
   2   2   1  -1.09085220000E-01
   1   1   2  -2.71907000000E-03
   2   1   2   1.13155750000E-03
   1   2   2   1.13155750000E-03
   2   2   2  -2.71907000000E-03
   2   2   1   2
   1   1   1   8.94390125000E-03
   2   1   1   6.93250012500E-02
   1   2   1   6.93250012500E-02
   2   2   1   8.94390125000E-03
   1   1   2   8.94390125000E-03
   2   1   2   1.70151625000E-03
   1   2   2   1.70151625000E-03
   2   2   2   8.94390125000E-03
   2   2   2   1
   1   1   1   8.94390125000E-03
   2   1   1   6.93250012500E-02
   1   2   1   6.93250012500E-02
   2   2   1   8.94390125000E-03
   1   1   2   8.94390125000E-03
   2   1   2   1.70151625000E-03
   1   2   2   1.70151625000E-03
   2   2   2   8.94390125000E-03
   2   2   2   2
   1   1   1  -5.31239100000E-02
   2   1   1   2.64778500000E-03
   1   2   1   2.64778500000E-03
   2   2   1  -1.20088240000E-01
   1   1   2   1.31276150000E-02
   2   1   2   2.64778500000E-03
   1   2   2   2.64778500000E-03
   2   2   2   1.31276150000E-02
   2   3   1   1
   1   1   1   0.00000000000E+00
   2   1   1   0.00000000000E+00
   1   2   1   0.00000000000E+00
   2   2   1   0.00000000000E+00
   1   1   2   0.00000000000E+00
   2   1   2   1.33617950000E-02
   1   2   2  -1.33617950000E-02
   2   2   2   0.00000000000E+00
   2   3   1   2
   1   1   1   0.00000000000E+00
   2   1   1   0.00000000000E+00
   1   2   1   0.00000000000E+00
   2   2   1   0.00000000000E+00
   1   1   2   0.00000000000E+00
   2   1   2   0.00000000000E+00
   1   2   2   0.00000000000E+00
   2   2   2   0.00000000000E+00
   2   3   2   1
   1   1   1   0.00000000000E+00
   2   1   1   0.00000000000E+00
   1   2   1   0.00000000000E+00
   2   2   1   0.00000000000E+00
   1   1   2   0.00000000000E+00
   2   1   2   0.00000000000E+00
   1   2   2   0.00000000000E+00
   2   2   2   0.00000000000E+00
   2   3   2   2
   1   1   1   0.00000000000E+00
   2   1   1   0.00000000000E+00
   1   2   1   0.00000000000E+00
   2   2   1   0.00000000000E+00
   1   1   2   0.00000000000E+00
   2   1   2  -7.18336500000E-03
   1   2   2   7.18336500000E-03
   2   2   2   0.00000000000E+00
   3   1   1   1
   1   1   1   0.00000000000E+00
   2   1   1   0.00000000000E+00
   1   2   1   0.00000000000E+00
   2   2   1   0.00000000000E+00
   1   1   2  -1.33617950000E-02
   2   1   2   0.00000000000E+00
   1   2   2   0.00000000000E+00
   2   2   2   1.33617950000E-02
   3   1   1   2
   1   1   1   0.00000000000E+00
   2   1   1   0.00000000000E+00
   1   2   1   0.00000000000E+00
   2   2   1   0.00000000000E+00
   1   1   2   0.00000000000E+00
   2   1   2   0.00000000000E+00
   1   2   2   0.00000000000E+00
   2   2   2   0.00000000000E+00
   3   1   2   1
   1   1   1   0.00000000000E+00
   2   1   1   0.00000000000E+00
   1   2   1   0.00000000000E+00
   2   2   1   0.00000000000E+00
   1   1   2   0.00000000000E+00
   2   1   2   0.00000000000E+00
   1   2   2   0.00000000000E+00
   2   2   2   0.00000000000E+00
   3   1   2   2
   1   1   1   0.00000000000E+00
   2   1   1   0.00000000000E+00
   1   2   1   0.00000000000E+00
   2   2   1   0.00000000000E+00
   1   1   2   7.18336500000E-03
   2   1   2   0.00000000000E+00
   1   2   2   0.00000000000E+00
   2   2   2  -7.18336500000E-03
   3   2   1   1
   1   1   1   0.00000000000E+00
   2   1   1   0.00000000000E+00
   1   2   1   0.00000000000E+00
   2   2   1   0.00000000000E+00
   1   1   2   0.00000000000E+00
   2   1   2   1.33617950000E-02
   1   2   2  -1.33617950000E-02
   2   2   2   0.00000000000E+00
   3   2   1   2
   1   1   1   0.00000000000E+00
   2   1   1   0.00000000000E+00
   1   2   1   0.00000000000E+00
   2   2   1   0.00000000000E+00
   1   1   2   0.00000000000E+00
   2   1   2   0.00000000000E+00
   1   2   2   0.00000000000E+00
   2   2   2   0.00000000000E+00
   3   2   2   1
   1   1   1   0.00000000000E+00
   2   1   1   0.00000000000E+00
   1   2   1   0.00000000000E+00
   2   2   1   0.00000000000E+00
   1   1   2   0.00000000000E+00
   2   1   2   0.00000000000E+00
   1   2   2   0.00000000000E+00
   2   2   2   0.00000000000E+00
   3   2   2   2
   1   1   1   0.00000000000E+00
   2   1   1   0.00000000000E+00
   1   2   1   0.00000000000E+00
   2   2   1   0.00000000000E+00
   1   1   2   0.00000000000E+00
   2   1   2  -7.18336500000E-03
   1   2   2   7.18336500000E-03
   2   2   2   0.00000000000E+00
   3   3   1   1
   1   1   1  -6.44354600000E-02
   2   1   1  -2.71907000000E-03
   1   2   1  -2.71907000000E-03
   2   2   1  -1.09085220000E-01
   1   1   2   1.13155750000E-03
   2   1   2   1.13155750000E-03
   1   2   2   1.13155750000E-03
   2   2   2   1.13155750000E-03
   3   3   1   2
   1   1   1   8.94390125000E-03
   2   1   1   8.94390125000E-03
   1   2   1   8.94390125000E-03
   2   2   1   8.94390125000E-03
   1   1   2   6.93250012500E-02
   2   1   2   1.70151625000E-03
   1   2   2   1.70151625000E-03
   2   2   2   6.93250012500E-02
   3   3   2   1
   1   1   1   8.94390125000E-03
   2   1   1   8.94390125000E-03
   1   2   1   8.94390125000E-03
   2   2   1   8.94390125000E-03
   1   1   2   6.93250012500E-02
   2   1   2   1.70151625000E-03
   1   2   2   1.70151625000E-03
   2   2   2   6.93250012500E-02
   3   3   2   2
   1   1   1  -5.31239100000E-02
   2   1   1   1.31276150000E-02
   1   2   1   1.31276150000E-02
   2   2   1  -1.20088240000E-01
   1   1   2   2.64778500000E-03
   2   1   2   2.64778500000E-03
   1   2   2   2.64778500000E-03
   2   2   2   2.64778500000E-03
