# Steps; Free energy +- error [meV]; FC gradient +- error [bohr^2]; Structure gradient +- error [meV / A]; Kong-Liu N_eff
0.000000000000000000e+00 -4.769113595914625563e+06 3.890815217787781388e-01 1.391846892558886429e+04 3.351837058845522392e+02 0.000000000000000000e+00 0.000000000000000000e+00 1.155474216886218528e+02
1.000000000000000000e+00 -4.769114295549841598e+06 3.764474476082065868e-01 1.356883650058711464e+04 3.387042155278314794e+02 0.000000000000000000e+00 0.000000000000000000e+00 1.055822597482855656e+02
2.000000000000000000e+00 -4.769114750209731050e+06 3.775219917583104712e-01 1.330446130332856774e+04 3.448802700217623851e+02 0.000000000000000000e+00 0.000000000000000000e+00 9.617913351318921400e+01
3.000000000000000000e+00 -4.769115107833241113e+06 3.810726341898105773e-01 1.307564254323340901e+04 3.520896552718839416e+02 0.000000000000000000e+00 0.000000000000000000e+00 8.755425546778005241e+01
4.000000000000000000e+00 -4.769115435071126558e+06 3.851645729654304406e-01 1.284917117340024743e+04 3.605719543719280864e+02 0.000000000000000000e+00 0.000000000000000000e+00 7.907747462621320267e+01
5.000000000000000000e+00 -4.769115698339769617e+06 3.885912457746522053e-01 1.265390576575868545e+04 3.687179109699381456e+02 0.000000000000000000e+00 0.000000000000000000e+00 7.208392336936636013e+01
6.000000000000000000e+00 -4.769115942476917990e+06 3.913970129559564137e-01 1.246125246823401358e+04 3.773194618475739048e+02 0.000000000000000000e+00 0.000000000000000000e+00 6.561638391677217896e+01
7.000000000000000000e+00 -4.769116168671274558e+06 3.938623777605453902e-01 1.227154394453820169e+04 3.861711676202976946e+02 0.000000000000000000e+00 0.000000000000000000e+00 5.974379004502419122e+01
8.000000000000000000e+00 -4.769116377967552282e+06 3.954619484662072471e-01 1.208505535429944939e+04 3.950928485188678110e+02 0.000000000000000000e+00 0.000000000000000000e+00 5.448171307127332597e+01
9.000000000000000000e+00 -4.769116598331488669e+06 3.969490672439537349e-01 1.187560944486196240e+04 4.052074907199350946e+02 0.000000000000000000e+00 0.000000000000000000e+00 4.917477917061293624e+01
1.000000000000000000e+01 -4.769116799216282554e+06 3.970550891618200295e-01 1.167088160713262369e+04 4.150241116296064661e+02 0.000000000000000000e+00 0.000000000000000000e+00 4.458016994702369828e+01
1.100000000000000000e+01 -4.769116982032161206e+06 3.958874453047569464e-01 1.147097976520037082e+04 4.243975178336364706e+02 0.000000000000000000e+00 0.000000000000000000e+00 4.061903842390618991e+01
1.200000000000000000e+01 -4.769117171150891110e+06 3.956747855704753070e-01 1.124787545199524720e+04 4.344608525180424294e+02 0.000000000000000000e+00 0.000000000000000000e+00 3.675228721744871763e+01
1.300000000000000000e+01 -4.769117340379843488e+06 3.943963596037027841e-01 1.103105465474885023e+04 4.436989950419246611e+02 0.000000000000000000e+00 0.000000000000000000e+00 3.349396778068950198e+01
1.400000000000000000e+01 -4.769117512430708855e+06 3.939693015473881843e-01 1.079008526178294414e+04 4.532021463299156494e+02 0.000000000000000000e+00 0.000000000000000000e+00 3.037529139569216596e+01
1.500000000000000000e+01 -4.769117684249515645e+06 3.933278395029797814e-01 1.052332920883480256e+04 4.626434793825580414e+02 0.000000000000000000e+00 0.000000000000000000e+00 2.745093070441077288e+01
1.600000000000000000e+01 -4.769117852514036931e+06 3.931137901901499143e-01 1.022918947832686172e+04 4.716118416224617249e+02 0.000000000000000000e+00 0.000000000000000000e+00 2.476340099467658362e+01
1.700000000000000000e+01 -4.769118013921719044e+06 3.969491423762597226e-01 9.906107626851493478e+03 4.796359787743277252e+02 0.000000000000000000e+00 0.000000000000000000e+00 2.234006957576983865e+01
1.800000000000000000e+01 -4.769118165550815873e+06 4.036775757613041415e-01 9.552576155159886184e+03 4.862281013702223049e+02 0.000000000000000000e+00 0.000000000000000000e+00 2.019217013211775225e+01
1.900000000000000000e+01 -4.769118305238226429e+06 4.131577691708028799e-01 9.167194982539727789e+03 4.909440566849234528e+02 0.000000000000000000e+00 0.000000000000000000e+00 1.831565385372421417e+01
2.000000000000000000e+01 -4.769118448443669826e+06 4.311034306031877317e-01 8.688984152250101033e+03 4.935814157908598077e+02 0.000000000000000000e+00 0.000000000000000000e+00 1.648947172129827621e+01
2.100000000000000000e+01 -4.769118573229874484e+06 4.568859218229542329e-01 8.176521445701034281e+03 4.931879398495321993e+02 0.000000000000000000e+00 0.000000000000000000e+00 1.497364234389755211e+01
2.200000000000000000e+01 -4.769118697496388108e+06 4.961015738557347787e-01 7.553375669874020787e+03 4.893545179897271851e+02 0.000000000000000000e+00 0.000000000000000000e+00 1.353809890050329834e+01
2.300000000000000000e+01 -4.769118806262970902e+06 5.480173686786145026e-01 6.904532299073233844e+03 4.829475690293984940e+02 0.000000000000000000e+00 0.000000000000000000e+00 1.232638280468739111e+01
2.400000000000000000e+01 -4.769118905966020189e+06 6.069047425927277528e-01 6.239397568454005523e+03 4.751104617597991933e+02 0.000000000000000000e+00 0.000000000000000000e+00 1.122297037446672263e+01
2.500000000000000000e+01 -4.769119002000769600e+06 6.806456232948725482e-01 5.571610150096164034e+03 4.668718425771501188e+02 0.000000000000000000e+00 0.000000000000000000e+00 1.013723963474263279e+01
2.600000000000000000e+01 -4.769119085974350572e+06 7.529789772540459447e-01 4.998172152140685284e+03 4.600456843573525703e+02 0.000000000000000000e+00 0.000000000000000000e+00 9.165672343671452893e+00
2.700000000000000000e+01 -4.769119164160455577e+06 8.238668706126756058e-01 4.507120182582669258e+03 4.545682821738166126e+02 0.000000000000000000e+00 0.000000000000000000e+00 8.302821699792117371e+00
2.800000000000000000e+01 -4.769119240975416265e+06 8.876048612788959291e-01 4.086265111771287138e+03 4.502201986427454017e+02 0.000000000000000000e+00 0.000000000000000000e+00 7.559558022977406644e+00
2.900000000000000000e+01 -4.769119332399741746e+06 9.541464763981125641e-01 3.673260123120759090e+03 4.462155632705686230e+02 0.000000000000000000e+00 0.000000000000000000e+00 6.852500248012207251e+00
3.000000000000000000e+01 -4.769119444290234707e+06 1.026230785597309847e+00 3.273943210347491004e+03 4.424667441690446594e+02 0.000000000000000000e+00 0.000000000000000000e+00 6.208627291731648512e+00
3.100000000000000000e+01 -4.769119583201812580e+06 1.089255023497096353e+00 2.892812691569086837e+03 4.387429110655579052e+02 0.000000000000000000e+00 0.000000000000000000e+00 5.639732156820139508e+00
