Dynamical matrix file
File generated with the CellConstructor by Lorenzo Monacelli
2 2 0     8.4717499000000007     0.0000000000000000     0.0000000000000000     0.0000000000000000     0.0000000000000000     0.0000000000000000
Basis vectors
    0.7690047530000000     0.7690047530000000    -0.0000000000000000
    0.7690047530000000    -0.7690047530000000    -0.0000000000000000
    0.7690047530000000     0.0000000000000000     0.7690047530000000
	1  'Pb '  188851.2471721135952976
	2  'Te '  116300.2854206645570230
    1     1    -0.0000000000000000     0.0000000000000000     0.0000000000000000
    2     2     0.7690047534000000    -0.0000000000000000    -0.0000000000000000

     Dynamical Matrix in cartesian axes

     q = (     0.000000000000     0.000000000000     0.000000000000 )

    1    1
     0.0015519002068974     0.0000000000000000        0.0000000000000000     0.0000000000000000        0.0000000000000000     0.0000000000000000
     0.0000000000000000     0.0000000000000000        0.0015519002068974     0.0000000000000000        0.0000000000000000     0.0000000000000000
     0.0000000000000000     0.0000000000000000        0.0000000000000000     0.0000000000000000        0.0015519002068974     0.0000000000000000
    1    2
    -0.0015519002068974     0.0000000000000000        0.0000000000000000     0.0000000000000000        0.0000000000000000     0.0000000000000000
     0.0000000000000000     0.0000000000000000       -0.0015519002068974     0.0000000000000000        0.0000000000000000     0.0000000000000000
     0.0000000000000000     0.0000000000000000        0.0000000000000000     0.0000000000000000       -0.0015519002068974     0.0000000000000000
    2    1
    -0.0015519002068974     0.0000000000000000        0.0000000000000000     0.0000000000000000        0.0000000000000000     0.0000000000000000
     0.0000000000000000     0.0000000000000000       -0.0015519002068974     0.0000000000000000        0.0000000000000000     0.0000000000000000
     0.0000000000000000     0.0000000000000000        0.0000000000000000     0.0000000000000000       -0.0015519002068974     0.0000000000000000
    2    2
     0.0015519002068974     0.0000000000000000        0.0000000000000000     0.0000000000000000        0.0000000000000000     0.0000000000000000
     0.0000000000000000     0.0000000000000000        0.0015519002068974     0.0000000000000000        0.0000000000000000     0.0000000000000000
     0.0000000000000000     0.0000000000000000        0.0000000000000000     0.0000000000000000        0.0015519002068974     0.0000000000000000

     Dielectric Tensor:

        236.424397781470          -0.000000000000          -0.000000000000
         -0.000000000000         236.424397781470           0.000000000000
         -0.000000000000           0.000000000000         236.424397781470

     Effective Charges E-U: Z_{alpha}{s,beta}

    atom #     1
      2.372756117080e+01       0.000000000000e+00       0.000000000000e+00
      0.000000000000e+00       2.372756117080e+01       0.000000000000e+00
      0.000000000000e+00       0.000000000000e+00       2.372756117080e+01
    atom #     2
     -2.372756117080e+01       0.000000000000e+00       0.000000000000e+00
      0.000000000000e+00      -2.372756117080e+01       0.000000000000e+00
      0.000000000000e+00       0.000000000000e+00      -2.372756117080e+01

     Diagonalizing the dynamical matrix

     q = (     0.000000000000     0.000000000000     0.000000000000 )

***************************************************************************
   freq (    1) =     0.00000000 [THz] =     0.00000010 [cm-1]
(  -0.707107  0.000000   0.000000  0.000000   0.000000  0.000000 )
(  -0.707107  0.000000   0.000000  0.000000   0.000000  0.000000 )
   freq (    2) =     0.00000000 [THz] =     0.00000010 [cm-1]
(   0.000000  0.000000   0.000000  0.000000  -0.707107  0.000000 )
(   0.000000  0.000000   0.000000  0.000000  -0.707107  0.000000 )
   freq (    3) =     0.00000000 [THz] =     0.00000010 [cm-1]
(   0.000000  0.000000  -0.707107  0.000000   0.000000  0.000000 )
(   0.000000  0.000000  -0.707107  0.000000   0.000000  0.000000 )
   freq (    4) =     0.48307507 [THz] =    16.11364768 [cm-1]
(  -0.524373  0.000000   0.000000  0.000000   0.000000  0.000000 )
(   0.851489  0.000000   0.000000  0.000000   0.000000  0.000000 )
   freq (    5) =     0.48307507 [THz] =    16.11364768 [cm-1]
(   0.000000  0.000000   0.524373  0.000000   0.000000  0.000000 )
(   0.000000  0.000000  -0.851489  0.000000   0.000000  0.000000 )
   freq (    6) =     0.48307507 [THz] =    16.11364768 [cm-1]
(   0.000000  0.000000   0.000000  0.000000  -0.524373  0.000000 )
(   0.000000  0.000000   0.000000  0.000000   0.851489  0.000000 )
***************************************************************************
