Dynamical matrix file
File generated with the CellConstructor by Lorenzo Monacelli
2 2 0     8.4717499000000007     0.0000000000000000     0.0000000000000000     0.0000000000000000     0.0000000000000000     0.0000000000000000
Basis vectors
    0.7690047530000000     0.7690047530000000    -0.0000000000000000
    0.7690047530000000    -0.7690047530000000    -0.0000000000000000
    0.7690047530000000     0.0000000000000000     0.7690047530000000
	1  'Pb '  188851.2471721135952976
	2  'Te '  116300.2854206645570230
    1     1    -0.0000000000000000     0.0000000000000000     0.0000000000000000
    2     2     0.7690047534000000    -0.0000000000000000    -0.0000000000000000

     Dynamical Matrix in cartesian axes

     q = (    -0.325095520000     0.325095520000     0.325095520000 )

    1    1
     0.0159008500019612     0.0000000000000000       -0.0103174523963716     0.0000000000000000       -0.0103174523963716     0.0000000000000000
    -0.0103174523963716     0.0000000000000000        0.0159008500019612     0.0000000000000000        0.0103174523963716     0.0000000000000000
    -0.0103174523963716     0.0000000000000000        0.0103174523963716     0.0000000000000000        0.0159008500019612     0.0000000000000000
    1    2
     0.0000000000000000     0.0000000000000000       -0.0000000000000000     0.0000000000000000       -0.0000000000000000     0.0000000000000000
    -0.0000000000000000     0.0000000000000000        0.0000000000000000     0.0000000000000000        0.0000000000000000     0.0000000000000000
    -0.0000000000000000     0.0000000000000000        0.0000000000000000     0.0000000000000000        0.0000000000000000     0.0000000000000000
    2    1
     0.0000000000000000     0.0000000000000000       -0.0000000000000000     0.0000000000000000       -0.0000000000000000     0.0000000000000000
    -0.0000000000000000     0.0000000000000000        0.0000000000000000     0.0000000000000000        0.0000000000000000     0.0000000000000000
    -0.0000000000000000     0.0000000000000000        0.0000000000000000     0.0000000000000000        0.0000000000000000     0.0000000000000000
    2    2
     0.0152724376695109     0.0000000000000000        0.0004119401123448     0.0000000000000000        0.0004119401123448     0.0000000000000000
     0.0004119401123448     0.0000000000000000        0.0152724376695109     0.0000000000000000       -0.0004119401123448     0.0000000000000000
     0.0004119401123448     0.0000000000000000       -0.0004119401123448     0.0000000000000000        0.0152724376695109     0.0000000000000000

     Dynamical Matrix in cartesian axes

     q = (     0.325095520000     0.325095520000    -0.325095520000 )

    1    1
     0.0159008500019612     0.0000000000000000        0.0103174523963716     0.0000000000000000       -0.0103174523963716     0.0000000000000000
     0.0103174523963716     0.0000000000000000        0.0159008500019612     0.0000000000000000       -0.0103174523963716     0.0000000000000000
    -0.0103174523963716     0.0000000000000000       -0.0103174523963716     0.0000000000000000        0.0159008500019612     0.0000000000000000
    1    2
     0.0000000000000000     0.0000000000000000        0.0000000000000000     0.0000000000000000       -0.0000000000000000     0.0000000000000000
     0.0000000000000000     0.0000000000000000        0.0000000000000000     0.0000000000000000       -0.0000000000000000     0.0000000000000000
    -0.0000000000000000     0.0000000000000000       -0.0000000000000000     0.0000000000000000        0.0000000000000000     0.0000000000000000
    2    1
     0.0000000000000000     0.0000000000000000        0.0000000000000000     0.0000000000000000       -0.0000000000000000     0.0000000000000000
     0.0000000000000000     0.0000000000000000        0.0000000000000000     0.0000000000000000       -0.0000000000000000     0.0000000000000000
    -0.0000000000000000     0.0000000000000000       -0.0000000000000000     0.0000000000000000        0.0000000000000000     0.0000000000000000
    2    2
     0.0152724376695109     0.0000000000000000       -0.0004119401123448     0.0000000000000000        0.0004119401123448     0.0000000000000000
    -0.0004119401123448     0.0000000000000000        0.0152724376695109     0.0000000000000000        0.0004119401123448     0.0000000000000000
     0.0004119401123448     0.0000000000000000        0.0004119401123448     0.0000000000000000        0.0152724376695109     0.0000000000000000

     Dynamical Matrix in cartesian axes

     q = (    -0.325095520000     0.325095520000    -0.325095520000 )

    1    1
     0.0159008500019612     0.0000000000000000       -0.0103174523963716     0.0000000000000000        0.0103174523963716     0.0000000000000000
    -0.0103174523963716     0.0000000000000000        0.0159008500019612     0.0000000000000000       -0.0103174523963716     0.0000000000000000
     0.0103174523963716     0.0000000000000000       -0.0103174523963716     0.0000000000000000        0.0159008500019612     0.0000000000000000
    1    2
     0.0000000000000000     0.0000000000000000       -0.0000000000000000     0.0000000000000000        0.0000000000000000     0.0000000000000000
    -0.0000000000000000     0.0000000000000000        0.0000000000000000     0.0000000000000000       -0.0000000000000000     0.0000000000000000
     0.0000000000000000     0.0000000000000000       -0.0000000000000000     0.0000000000000000        0.0000000000000000     0.0000000000000000
    2    1
     0.0000000000000000     0.0000000000000000       -0.0000000000000000     0.0000000000000000        0.0000000000000000     0.0000000000000000
    -0.0000000000000000     0.0000000000000000        0.0000000000000000     0.0000000000000000       -0.0000000000000000     0.0000000000000000
     0.0000000000000000     0.0000000000000000       -0.0000000000000000     0.0000000000000000        0.0000000000000000     0.0000000000000000
    2    2
     0.0152724376695109     0.0000000000000000        0.0004119401123448     0.0000000000000000       -0.0004119401123448     0.0000000000000000
     0.0004119401123448     0.0000000000000000        0.0152724376695109     0.0000000000000000        0.0004119401123448     0.0000000000000000
    -0.0004119401123448     0.0000000000000000        0.0004119401123448     0.0000000000000000        0.0152724376695109     0.0000000000000000

     Dynamical Matrix in cartesian axes

     q = (     0.325095520000     0.325095520000     0.325095520000 )

    1    1
     0.0159008500019612     0.0000000000000000        0.0103174523963716     0.0000000000000000        0.0103174523963716     0.0000000000000000
     0.0103174523963716     0.0000000000000000        0.0159008500019612     0.0000000000000000        0.0103174523963716     0.0000000000000000
     0.0103174523963716     0.0000000000000000        0.0103174523963716     0.0000000000000000        0.0159008500019612     0.0000000000000000
    1    2
     0.0000000000000000     0.0000000000000000        0.0000000000000000     0.0000000000000000        0.0000000000000000     0.0000000000000000
     0.0000000000000000     0.0000000000000000        0.0000000000000000     0.0000000000000000        0.0000000000000000     0.0000000000000000
     0.0000000000000000     0.0000000000000000        0.0000000000000000     0.0000000000000000        0.0000000000000000     0.0000000000000000
    2    1
     0.0000000000000000     0.0000000000000000        0.0000000000000000     0.0000000000000000        0.0000000000000000     0.0000000000000000
     0.0000000000000000     0.0000000000000000        0.0000000000000000     0.0000000000000000        0.0000000000000000     0.0000000000000000
     0.0000000000000000     0.0000000000000000        0.0000000000000000     0.0000000000000000        0.0000000000000000     0.0000000000000000
    2    2
     0.0152724376695109     0.0000000000000000       -0.0004119401123448     0.0000000000000000       -0.0004119401123448     0.0000000000000000
    -0.0004119401123448     0.0000000000000000        0.0152724376695109     0.0000000000000000       -0.0004119401123448     0.0000000000000000
    -0.0004119401123448     0.0000000000000000       -0.0004119401123448     0.0000000000000000        0.0152724376695109     0.0000000000000000

     Dielectric Tensor:

        236.424397781470          -0.000000000000          -0.000000000000
         -0.000000000000         236.424397781470           0.000000000000
         -0.000000000000           0.000000000000         236.424397781470

     Effective Charges E-U: Z_{alpha}{s,beta}

    atom #     1
      2.372756117080e+01       0.000000000000e+00       0.000000000000e+00
      0.000000000000e+00       2.372756117080e+01       0.000000000000e+00
      0.000000000000e+00       0.000000000000e+00       2.372756117080e+01
    atom #     2
     -2.372756117080e+01       0.000000000000e+00       0.000000000000e+00
      0.000000000000e+00      -2.372756117080e+01       0.000000000000e+00
      0.000000000000e+00       0.000000000000e+00      -2.372756117080e+01

     Diagonalizing the dynamical matrix

     q = (    -0.325095520000     0.325095520000     0.325095520000 )

***************************************************************************
   freq (    1) =     0.56567192 [THz] =    18.86878164 [cm-1]
(   0.717137  0.000000   0.696630  0.000000   0.020507  0.000000 )
(   0.000000  0.000000  -0.000000  0.000000  -0.000000  0.000000 )
   freq (    2) =     0.56567192 [THz] =    18.86878164 [cm-1]
(  -0.390360  0.000000   0.425879  0.000000  -0.816239  0.000000 )
(   0.000000  0.000000  -0.000000  0.000000  -0.000000  0.000000 )
   freq (    3) =     1.15957042 [THz] =    38.67910030 [cm-1]
(   0.000000  0.000000   0.000000  0.000000  -0.000000  0.000000 )
(  -0.577350  0.000000   0.577350  0.000000   0.577350  0.000000 )
   freq (    4) =     1.20814353 [THz] =    40.29932448 [cm-1]
(   0.000000  0.000000   0.000000  0.000000  -0.000000  0.000000 )
(   0.573724  0.000000   0.789983  0.000000  -0.216259  0.000000 )
   freq (    5) =     1.20814353 [THz] =    40.29932448 [cm-1]
(   0.000000  0.000000   0.000000  0.000000  -0.000000  0.000000 )
(   0.580954  0.000000  -0.206383  0.000000   0.787336  0.000000 )
   freq (    6) =     1.44701951 [THz] =    48.26736857 [cm-1]
(  -0.577350  0.000000   0.577350  0.000000   0.577350  0.000000 )
(  -0.000000  0.000000   0.000000  0.000000   0.000000  0.000000 )
***************************************************************************
