Dynamical matrix file
File generated with the CellConstructor by Lorenzo Monacelli
2 2 0     8.4717499000000007     0.0000000000000000     0.0000000000000000     0.0000000000000000     0.0000000000000000     0.0000000000000000
Basis vectors
    0.7690047530000000     0.7690047530000000    -0.0000000000000000
    0.7690047530000000    -0.7690047530000000    -0.0000000000000000
    0.7690047530000000     0.0000000000000000     0.7690047530000000
	1  'Pb '  188851.2471721135952976
	2  'Te '  116300.2854206645570230
    1     1    -0.0000000000000000     0.0000000000000000     0.0000000000000000
    2     2     0.7690047534000000    -0.0000000000000000    -0.0000000000000000

     Dynamical Matrix in cartesian axes

     q = (    -0.000000000000    -0.000000000000    -0.650191040000 )

    1    1
     0.0037320636381767     0.0000000000000000        0.0000000000000000     0.0000000000000000        0.0000000000000000     0.0000000000000000
     0.0000000000000000     0.0000000000000000        0.0037320636381767     0.0000000000000000        0.0000000000000000     0.0000000000000000
     0.0000000000000000     0.0000000000000000        0.0000000000000000     0.0000000000000000        0.0051058398720904     0.0000000000000000
    1    2
    -0.0038907932190474     0.0000000000000000        0.0000000000000000     0.0000000000000000        0.0000000000000000     0.0000000000000000
     0.0000000000000000     0.0000000000000000       -0.0038907932190474     0.0000000000000000        0.0000000000000000     0.0000000000000000
    -0.0000000000000000     0.0000000000000000        0.0000000000000000     0.0000000000000000        0.0031536666009737     0.0000000000000000
    2    1
    -0.0038907932190474     0.0000000000000000        0.0000000000000000     0.0000000000000000        0.0000000000000000     0.0000000000000000
     0.0000000000000000     0.0000000000000000       -0.0038907932190474     0.0000000000000000        0.0000000000000000     0.0000000000000000
    -0.0000000000000000     0.0000000000000000        0.0000000000000000     0.0000000000000000        0.0031536666009737     0.0000000000000000
    2    2
     0.0074637398626020     0.0000000000000000        0.0000000000000000     0.0000000000000000        0.0000000000000000     0.0000000000000000
     0.0000000000000000     0.0000000000000000        0.0074637398626020     0.0000000000000000        0.0000000000000000     0.0000000000000000
     0.0000000000000000     0.0000000000000000        0.0000000000000000     0.0000000000000000        0.0023233334469902     0.0000000000000000

     Dynamical Matrix in cartesian axes

     q = (    -0.000000000000    -0.650191040000     0.000000000000 )

    1    1
     0.0037320636381767     0.0000000000000000        0.0000000000000000     0.0000000000000000       -0.0000000000000000     0.0000000000000000
     0.0000000000000000     0.0000000000000000        0.0051058398720904     0.0000000000000000       -0.0000000000000000     0.0000000000000000
    -0.0000000000000000     0.0000000000000000       -0.0000000000000000     0.0000000000000000        0.0037320636381767     0.0000000000000000
    1    2
    -0.0038907932190474     0.0000000000000000       -0.0000000000000000     0.0000000000000000        0.0000000000000000     0.0000000000000000
    -0.0000000000000000     0.0000000000000000        0.0031536666009737     0.0000000000000000        0.0000000000000000     0.0000000000000000
     0.0000000000000000     0.0000000000000000        0.0000000000000000     0.0000000000000000       -0.0038907932190474     0.0000000000000000
    2    1
    -0.0038907932190474     0.0000000000000000       -0.0000000000000000     0.0000000000000000        0.0000000000000000     0.0000000000000000
    -0.0000000000000000     0.0000000000000000        0.0031536666009737     0.0000000000000000        0.0000000000000000     0.0000000000000000
     0.0000000000000000     0.0000000000000000        0.0000000000000000     0.0000000000000000       -0.0038907932190474     0.0000000000000000
    2    2
     0.0074637398626020     0.0000000000000000        0.0000000000000000     0.0000000000000000       -0.0000000000000000     0.0000000000000000
     0.0000000000000000     0.0000000000000000        0.0023233334469902     0.0000000000000000        0.0000000000000000     0.0000000000000000
    -0.0000000000000000     0.0000000000000000        0.0000000000000000     0.0000000000000000        0.0074637398626020     0.0000000000000000

     Dynamical Matrix in cartesian axes

     q = (     0.650191040000     0.000000000000    -0.000000000000 )

    1    1
     0.0051058398720904     0.0000000000000000        0.0000000000000000     0.0000000000000000       -0.0000000000000000     0.0000000000000000
     0.0000000000000000     0.0000000000000000        0.0037320636381767     0.0000000000000000       -0.0000000000000000     0.0000000000000000
    -0.0000000000000000     0.0000000000000000       -0.0000000000000000     0.0000000000000000        0.0037320636381767     0.0000000000000000
    1    2
    -0.0031536666009737     0.0000000000000000        0.0000000000000000     0.0000000000000000        0.0000000000000000     0.0000000000000000
     0.0000000000000000     0.0000000000000000        0.0038907932190474     0.0000000000000000        0.0000000000000000     0.0000000000000000
     0.0000000000000000     0.0000000000000000        0.0000000000000000     0.0000000000000000        0.0038907932190474     0.0000000000000000
    2    1
    -0.0031536666009737     0.0000000000000000        0.0000000000000000     0.0000000000000000        0.0000000000000000     0.0000000000000000
     0.0000000000000000     0.0000000000000000        0.0038907932190474     0.0000000000000000        0.0000000000000000     0.0000000000000000
     0.0000000000000000     0.0000000000000000        0.0000000000000000     0.0000000000000000        0.0038907932190474     0.0000000000000000
    2    2
     0.0023233334469902     0.0000000000000000        0.0000000000000000     0.0000000000000000        0.0000000000000000     0.0000000000000000
     0.0000000000000000     0.0000000000000000        0.0074637398626020     0.0000000000000000        0.0000000000000000     0.0000000000000000
     0.0000000000000000     0.0000000000000000        0.0000000000000000     0.0000000000000000        0.0074637398626020     0.0000000000000000

     Dielectric Tensor:

        236.424397781470          -0.000000000000          -0.000000000000
         -0.000000000000         236.424397781470           0.000000000000
         -0.000000000000           0.000000000000         236.424397781470

     Effective Charges E-U: Z_{alpha}{s,beta}

    atom #     1
      2.372756117080e+01       0.000000000000e+00       0.000000000000e+00
      0.000000000000e+00       2.372756117080e+01       0.000000000000e+00
      0.000000000000e+00       0.000000000000e+00       2.372756117080e+01
    atom #     2
     -2.372756117080e+01       0.000000000000e+00       0.000000000000e+00
      0.000000000000e+00      -2.372756117080e+01       0.000000000000e+00
      0.000000000000e+00       0.000000000000e+00      -2.372756117080e+01

     Diagonalizing the dynamical matrix

     q = (    -0.000000000000    -0.000000000000    -0.650191040000 )

***************************************************************************
   freq (    1) =     0.14476146 [THz] =     4.82872200 [cm-1]
(   0.000000  0.000000   0.000000  0.000000  -0.553915  0.000000 )
(   0.000000  0.000000   0.000000  0.000000   0.832573  0.000000 )
   freq (    2) =     0.28648072 [THz] =     9.55596680 [cm-1]
(   0.061304  0.000000  -0.858653  0.000000  -0.000000  0.000000 )
(   0.036239  0.000000  -0.507585  0.000000   0.000000  0.000000 )
   freq (    3) =     0.28648072 [THz] =     9.55596680 [cm-1]
(   0.858653  0.000000   0.061304  0.000000   0.000000  0.000000 )
(   0.507585  0.000000   0.036239  0.000000  -0.000000  0.000000 )
   freq (    4) =     0.69847888 [THz] =    23.29874429 [cm-1]
(  -0.000000  0.000000  -0.000000  0.000000  -0.679293  0.000000 )
(   0.000000  0.000000  -0.000000  0.000000  -0.733867  0.000000 )
   freq (    5) =     0.90906539 [THz] =    30.32315310 [cm-1]
(   0.342080  0.000000  -0.000000  0.000000  -0.000000  0.000000 )
(  -0.939671  0.000000   0.000000  0.000000  -0.000000  0.000000 )
   freq (    6) =     0.90906539 [THz] =    30.32315310 [cm-1]
(   0.000000  0.000000   0.342080  0.000000   0.000000  0.000000 )
(  -0.000000  0.000000  -0.939671  0.000000   0.000000  0.000000 )
***************************************************************************
