           1           1           1           1           1  -4.8578292101999999E-03
           5           1           1           1           1   2.2212122907449999E-04
           3           1           1           1           1   2.2212122907449999E-04
           7           1           1           1           1   3.0925957907800001E-03
           2           1           1           1           1   2.2212122907449999E-04
           6           1           1           1           1   5.0399199835499998E-05
           4           1           1           1           1   5.0399199835499998E-05
           8           1           1           1           1   2.2212122907449999E-04
           1           1           1           2           1   7.8044707787500004E-04
           5           1           1           2           1  -1.0011039963000001E-04
           3           1           1           2           1  -1.0011039963000001E-04
           7           1           1           2           1   7.8044707787500004E-04
           2           1           1           2           1  -1.0011039963000001E-04
           6           1           1           2           1  -1.9225122688899999E-04
           4           1           1           2           1  -1.9225122688899999E-04
           8           1           1           2           1  -1.0011039963000001E-04
           1           2           1           1           1   7.8044707787500004E-04
           5           2           1           1           1  -1.0011039963000001E-04
           3           2           1           1           1  -1.0011039963000001E-04
           7           2           1           1           1   7.8044707787500004E-04
           2           2           1           1           1  -1.0011039963000001E-04
           6           2           1           1           1  -1.9225122688899999E-04
           4           2           1           1           1  -1.9225122688899999E-04
           8           2           1           1           1  -1.0011039963000001E-04
           1           2           1           2           1  -4.9932790035700000E-03
           5           2           1           2           1   4.8214577505800000E-05
           3           2           1           2           1   4.8214577505800000E-05
           7           2           1           2           1   2.6429398311850001E-03
           2           2           1           2           1   4.8214577505800000E-05
           6           2           1           2           1   6.9076537945499995E-04
           4           2           1           2           1   6.9076537945499995E-04
           8           2           1           2           1   4.8214577505800000E-05
           1           1           1           1           2   -0.0000000000000000E+00
           5           1           1           1           2   2.5793630990949999E-03
           3           1           1           1           2  -2.5793630990949999E-03
           7           1           1           1           2   -0.0000000000000000E+00
           2           1           1           1           2   -0.0000000000000000E+00
           6           1           1           1           2   -0.0000000000000000E+00
           4           1           1           1           2   -0.0000000000000000E+00
           8           1           1           1           2   -0.0000000000000000E+00
           1           1           1           2           2   -0.0000000000000000E+00
           5           1           1           2           2   -0.0000000000000000E+00
           3           1           1           2           2   -0.0000000000000000E+00
           7           1           1           2           2   -0.0000000000000000E+00
           2           1           1           2           2   -0.0000000000000000E+00
           6           1           1           2           2   -0.0000000000000000E+00
           4           1           1           2           2   -0.0000000000000000E+00
           8           1           1           2           2   -0.0000000000000000E+00
           1           2           1           1           2   -0.0000000000000000E+00
           5           2           1           1           2   -0.0000000000000000E+00
           3           2           1           1           2   -0.0000000000000000E+00
           7           2           1           1           2   -0.0000000000000000E+00
           2           2           1           1           2   -0.0000000000000000E+00
           6           2           1           1           2   -0.0000000000000000E+00
           4           2           1           1           2   -0.0000000000000000E+00
           8           2           1           1           2   -0.0000000000000000E+00
           1           2           1           2           2   -0.0000000000000000E+00
           5           2           1           2           2  -1.0298502808600000E-04
           3           2           1           2           2   1.0298502808600000E-04
           7           2           1           2           2   -0.0000000000000000E+00
           2           2           1           2           2   -0.0000000000000000E+00
           6           2           1           2           2   -0.0000000000000000E+00
           4           2           1           2           2   -0.0000000000000000E+00
           8           2           1           2           2   -0.0000000000000000E+00
           1           1           1           1           3   -0.0000000000000000E+00
           5           1           1           1           3   -0.0000000000000000E+00
           3           1           1           1           3   -0.0000000000000000E+00
           7           1           1           1           3   -0.0000000000000000E+00
           2           1           1           1           3   2.5793630990949999E-03
           6           1           1           1           3   -0.0000000000000000E+00
           4           1           1           1           3   -0.0000000000000000E+00
           8           1           1           1           3  -2.5793630990949999E-03
           1           1           1           2           3   -0.0000000000000000E+00
           5           1           1           2           3   -0.0000000000000000E+00
           3           1           1           2           3   -0.0000000000000000E+00
           7           1           1           2           3   -0.0000000000000000E+00
           2           1           1           2           3   -0.0000000000000000E+00
           6           1           1           2           3   -0.0000000000000000E+00
           4           1           1           2           3   -0.0000000000000000E+00
           8           1           1           2           3   -0.0000000000000000E+00
           1           2           1           1           3   -0.0000000000000000E+00
           5           2           1           1           3   -0.0000000000000000E+00
           3           2           1           1           3   -0.0000000000000000E+00
           7           2           1           1           3   -0.0000000000000000E+00
           2           2           1           1           3   -0.0000000000000000E+00
           6           2           1           1           3   -0.0000000000000000E+00
           4           2           1           1           3   -0.0000000000000000E+00
           8           2           1           1           3   -0.0000000000000000E+00
           1           2           1           2           3   -0.0000000000000000E+00
           5           2           1           2           3   -0.0000000000000000E+00
           3           2           1           2           3   -0.0000000000000000E+00
           7           2           1           2           3   -0.0000000000000000E+00
           2           2           1           2           3  -1.0298502808600000E-04
           6           2           1           2           3   -0.0000000000000000E+00
           4           2           1           2           3   -0.0000000000000000E+00
           8           2           1           2           3   1.0298502808600000E-04
           1           1           2           1           1   -0.0000000000000000E+00
           5           1           2           1           1   2.5793630990949999E-03
           3           1           2           1           1  -2.5793630990949999E-03
           7           1           2           1           1   -0.0000000000000000E+00
           2           1           2           1           1   -0.0000000000000000E+00
           6           1           2           1           1   -0.0000000000000000E+00
           4           1           2           1           1   -0.0000000000000000E+00
           8           1           2           1           1   -0.0000000000000000E+00
           1           1           2           2           1   -0.0000000000000000E+00
           5           1           2           2           1   -0.0000000000000000E+00
           3           1           2           2           1   -0.0000000000000000E+00
           7           1           2           2           1   -0.0000000000000000E+00
           2           1           2           2           1   -0.0000000000000000E+00
           6           1           2           2           1   -0.0000000000000000E+00
           4           1           2           2           1   -0.0000000000000000E+00
           8           1           2           2           1   -0.0000000000000000E+00
           1           2           2           1           1   -0.0000000000000000E+00
           5           2           2           1           1   -0.0000000000000000E+00
           3           2           2           1           1   -0.0000000000000000E+00
           7           2           2           1           1   -0.0000000000000000E+00
           2           2           2           1           1   -0.0000000000000000E+00
           6           2           2           1           1   -0.0000000000000000E+00
           4           2           2           1           1   -0.0000000000000000E+00
           8           2           2           1           1   -0.0000000000000000E+00
           1           2           2           2           1   -0.0000000000000000E+00
           5           2           2           2           1  -1.0298502808600000E-04
           3           2           2           2           1   1.0298502808600000E-04
           7           2           2           2           1   -0.0000000000000000E+00
           2           2           2           2           1   -0.0000000000000000E+00
           6           2           2           2           1   -0.0000000000000000E+00
           4           2           2           2           1   -0.0000000000000000E+00
           8           2           2           2           1   -0.0000000000000000E+00
           1           1           2           1           2  -4.8578292101999999E-03
           5           1           2           1           2   2.2212122907449999E-04
           3           1           2           1           2   2.2212122907449999E-04
           7           1           2           1           2   3.0925957907800001E-03
           2           1           2           1           2   5.0399199835499998E-05
           6           1           2           1           2   2.2212122907449999E-04
           4           1           2           1           2   2.2212122907449999E-04
           8           1           2           1           2   5.0399199835499998E-05
           1           1           2           2           2  -1.0011039963000001E-04
           5           1           2           2           2   7.8044707787500004E-04
           3           1           2           2           2   7.8044707787500004E-04
           7           1           2           2           2  -1.0011039963000001E-04
           2           1           2           2           2  -1.0011039963000001E-04
           6           1           2           2           2  -1.9225122688899999E-04
           4           1           2           2           2  -1.9225122688899999E-04
           8           1           2           2           2  -1.0011039963000001E-04
           1           2           2           1           2  -1.0011039963000001E-04
           5           2           2           1           2   7.8044707787500004E-04
           3           2           2           1           2   7.8044707787500004E-04
           7           2           2           1           2  -1.0011039963000001E-04
           2           2           2           1           2  -1.0011039963000001E-04
           6           2           2           1           2  -1.9225122688899999E-04
           4           2           2           1           2  -1.9225122688899999E-04
           8           2           2           1           2  -1.0011039963000001E-04
           1           2           2           2           2  -4.9932790035700000E-03
           5           2           2           2           2   4.8214577505800000E-05
           3           2           2           2           2   4.8214577505800000E-05
           7           2           2           2           2   2.6429398311850001E-03
           2           2           2           2           2   6.9076537945499995E-04
           6           2           2           2           2   4.8214577505800000E-05
           4           2           2           2           2   4.8214577505800000E-05
           8           2           2           2           2   6.9076537945499995E-04
           1           1           2           1           3   -0.0000000000000000E+00
           5           1           2           1           3   -0.0000000000000000E+00
           3           1           2           1           3   -0.0000000000000000E+00
           7           1           2           1           3   -0.0000000000000000E+00
           2           1           2           1           3   -0.0000000000000000E+00
           6           1           2           1           3  -2.5793630990949999E-03
           4           1           2           1           3   2.5793630990949999E-03
           8           1           2           1           3   -0.0000000000000000E+00
           1           1           2           2           3   -0.0000000000000000E+00
           5           1           2           2           3   -0.0000000000000000E+00
           3           1           2           2           3   -0.0000000000000000E+00
           7           1           2           2           3   -0.0000000000000000E+00
           2           1           2           2           3   -0.0000000000000000E+00
           6           1           2           2           3   -0.0000000000000000E+00
           4           1           2           2           3   -0.0000000000000000E+00
           8           1           2           2           3   -0.0000000000000000E+00
           1           2           2           1           3   -0.0000000000000000E+00
           5           2           2           1           3   -0.0000000000000000E+00
           3           2           2           1           3   -0.0000000000000000E+00
           7           2           2           1           3   -0.0000000000000000E+00
           2           2           2           1           3   -0.0000000000000000E+00
           6           2           2           1           3   -0.0000000000000000E+00
           4           2           2           1           3   -0.0000000000000000E+00
           8           2           2           1           3   -0.0000000000000000E+00
           1           2           2           2           3   -0.0000000000000000E+00
           5           2           2           2           3   -0.0000000000000000E+00
           3           2           2           2           3   -0.0000000000000000E+00
           7           2           2           2           3   -0.0000000000000000E+00
           2           2           2           2           3   -0.0000000000000000E+00
           6           2           2           2           3   1.0298502808600000E-04
           4           2           2           2           3  -1.0298502808600000E-04
           8           2           2           2           3   -0.0000000000000000E+00
           1           1           3           1           1   -0.0000000000000000E+00
           5           1           3           1           1   -0.0000000000000000E+00
           3           1           3           1           1   -0.0000000000000000E+00
           7           1           3           1           1   -0.0000000000000000E+00
           2           1           3           1           1   2.5793630990949999E-03
           6           1           3           1           1   -0.0000000000000000E+00
           4           1           3           1           1   -0.0000000000000000E+00
           8           1           3           1           1  -2.5793630990949999E-03
           1           1           3           2           1   -0.0000000000000000E+00
           5           1           3           2           1   -0.0000000000000000E+00
           3           1           3           2           1   -0.0000000000000000E+00
           7           1           3           2           1   -0.0000000000000000E+00
           2           1           3           2           1   -0.0000000000000000E+00
           6           1           3           2           1   -0.0000000000000000E+00
           4           1           3           2           1   -0.0000000000000000E+00
           8           1           3           2           1   -0.0000000000000000E+00
           1           2           3           1           1   -0.0000000000000000E+00
           5           2           3           1           1   -0.0000000000000000E+00
           3           2           3           1           1   -0.0000000000000000E+00
           7           2           3           1           1   -0.0000000000000000E+00
           2           2           3           1           1   -0.0000000000000000E+00
           6           2           3           1           1   -0.0000000000000000E+00
           4           2           3           1           1   -0.0000000000000000E+00
           8           2           3           1           1   -0.0000000000000000E+00
           1           2           3           2           1   -0.0000000000000000E+00
           5           2           3           2           1   -0.0000000000000000E+00
           3           2           3           2           1   -0.0000000000000000E+00
           7           2           3           2           1   -0.0000000000000000E+00
           2           2           3           2           1  -1.0298502808600000E-04
           6           2           3           2           1   -0.0000000000000000E+00
           4           2           3           2           1   -0.0000000000000000E+00
           8           2           3           2           1   1.0298502808600000E-04
           1           1           3           1           2   -0.0000000000000000E+00
           5           1           3           1           2   -0.0000000000000000E+00
           3           1           3           1           2   -0.0000000000000000E+00
           7           1           3           1           2   -0.0000000000000000E+00
           2           1           3           1           2   -0.0000000000000000E+00
           6           1           3           1           2  -2.5793630990949999E-03
           4           1           3           1           2   2.5793630990949999E-03
           8           1           3           1           2   -0.0000000000000000E+00
           1           1           3           2           2   -0.0000000000000000E+00
           5           1           3           2           2   -0.0000000000000000E+00
           3           1           3           2           2   -0.0000000000000000E+00
           7           1           3           2           2   -0.0000000000000000E+00
           2           1           3           2           2   -0.0000000000000000E+00
           6           1           3           2           2   -0.0000000000000000E+00
           4           1           3           2           2   -0.0000000000000000E+00
           8           1           3           2           2   -0.0000000000000000E+00
           1           2           3           1           2   -0.0000000000000000E+00
           5           2           3           1           2   -0.0000000000000000E+00
           3           2           3           1           2   -0.0000000000000000E+00
           7           2           3           1           2   -0.0000000000000000E+00
           2           2           3           1           2   -0.0000000000000000E+00
           6           2           3           1           2   -0.0000000000000000E+00
           4           2           3           1           2   -0.0000000000000000E+00
           8           2           3           1           2   -0.0000000000000000E+00
           1           2           3           2           2   -0.0000000000000000E+00
           5           2           3           2           2   -0.0000000000000000E+00
           3           2           3           2           2   -0.0000000000000000E+00
           7           2           3           2           2   -0.0000000000000000E+00
           2           2           3           2           2   -0.0000000000000000E+00
           6           2           3           2           2   1.0298502808600000E-04
           4           2           3           2           2  -1.0298502808600000E-04
           8           2           3           2           2   -0.0000000000000000E+00
           1           1           3           1           3  -4.8578292101999999E-03
           5           1           3           1           3   5.0399199835499998E-05
           3           1           3           1           3   5.0399199835499998E-05
           7           1           3           1           3   3.0925957907800001E-03
           2           1           3           1           3   2.2212122907449999E-04
           6           1           3           1           3   2.2212122907449999E-04
           4           1           3           1           3   2.2212122907449999E-04
           8           1           3           1           3   2.2212122907449999E-04
           1           1           3           2           3  -1.0011039963000001E-04
           5           1           3           2           3  -1.0011039963000001E-04
           3           1           3           2           3  -1.0011039963000001E-04
           7           1           3           2           3  -1.0011039963000001E-04
           2           1           3           2           3   7.8044707787500004E-04
           6           1           3           2           3  -1.9225122688899999E-04
           4           1           3           2           3  -1.9225122688899999E-04
           8           1           3           2           3   7.8044707787500004E-04
           1           2           3           1           3  -1.0011039963000001E-04
           5           2           3           1           3  -1.0011039963000001E-04
           3           2           3           1           3  -1.0011039963000001E-04
           7           2           3           1           3  -1.0011039963000001E-04
           2           2           3           1           3   7.8044707787500004E-04
           6           2           3           1           3  -1.9225122688899999E-04
           4           2           3           1           3  -1.9225122688899999E-04
           8           2           3           1           3   7.8044707787500004E-04
           1           2           3           2           3  -4.9932790035700000E-03
           5           2           3           2           3   6.9076537945499995E-04
           3           2           3           2           3   6.9076537945499995E-04
           7           2           3           2           3   2.6429398311850001E-03
           2           2           3           2           3   4.8214577505800000E-05
           6           2           3           2           3   4.8214577505800000E-05
           4           2           3           2           3   4.8214577505800000E-05
           8           2           3           2           3   4.8214577505800000E-05
