Dynamical matrix file
File generated with the CellConstructor by Lorenzo Monacelli
2 2 0     8.4717499000000007     0.0000000000000000     0.0000000000000000     0.0000000000000000     0.0000000000000000     0.0000000000000000
Basis vectors
    0.7690090170000000     0.7690090170000000     0.0000000000000000
    0.7690090170000000    -0.7690090170000000     0.0000000000000000
    0.7690090170000000    -0.0000000000000000     0.7690090170000000
	1  'Pb '  188851.2471721135952976
	2  'Te '  116300.2854206645570230
    1     1    -0.0000000000000000    -0.0000000000000000     0.0000000000000000
    2     2     0.7690090170000000    -0.0000000000000000     0.0000000000000000

     Dynamical Matrix in cartesian axes

     q = (     0.000000000000     0.000000000000     0.000000000000 )

    1    1
     0.0024851369516913     0.0000000000000000        0.0000000000000000     0.0000000000000000        0.0000000000000000     0.0000000000000000
     0.0000000000000000     0.0000000000000000        0.0024851369516913     0.0000000000000000        0.0000000000000000     0.0000000000000000
     0.0000000000000000     0.0000000000000000        0.0000000000000000     0.0000000000000000        0.0024851369516913     0.0000000000000000
    1    2
    -0.0024851369516913     0.0000000000000000        0.0000000000000000     0.0000000000000000       -0.0000000000000000     0.0000000000000000
     0.0000000000000000     0.0000000000000000       -0.0024851369516913     0.0000000000000000        0.0000000000000000     0.0000000000000000
    -0.0000000000000000     0.0000000000000000       -0.0000000000000000     0.0000000000000000       -0.0024851369516913     0.0000000000000000
    2    1
    -0.0024851369516913     0.0000000000000000        0.0000000000000000     0.0000000000000000       -0.0000000000000000     0.0000000000000000
     0.0000000000000000     0.0000000000000000       -0.0024851369516913     0.0000000000000000        0.0000000000000000     0.0000000000000000
    -0.0000000000000000     0.0000000000000000       -0.0000000000000000     0.0000000000000000       -0.0024851369516913     0.0000000000000000
    2    2
     0.0024851369516913     0.0000000000000000        0.0000000000000000     0.0000000000000000        0.0000000000000000     0.0000000000000000
     0.0000000000000000     0.0000000000000000        0.0024851369516913     0.0000000000000000        0.0000000000000000     0.0000000000000000
     0.0000000000000000     0.0000000000000000        0.0000000000000000     0.0000000000000000        0.0024851369516913     0.0000000000000000

     Dielectric Tensor:

        236.421588440830          -0.000000000000           0.000000000000
         -0.000000000000         236.421588440830           0.000000000000
          0.000000000000           0.000000000000         236.421588440829

     Effective Charges E-U: Z_{alpha}{s,beta}

    atom #     1
      2.372769754140e+01       0.000000000000e+00       0.000000000000e+00
      0.000000000000e+00       2.372769754140e+01       0.000000000000e+00
      0.000000000000e+00       0.000000000000e+00       2.372769754140e+01
    atom #     2
     -2.372769754140e+01       0.000000000000e+00       0.000000000000e+00
      0.000000000000e+00      -2.372769754140e+01       0.000000000000e+00
      0.000000000000e+00       0.000000000000e+00      -2.372769754140e+01

     Diagonalizing the dynamical matrix

     q = (     0.000000000000     0.000000000000     0.000000000000 )

***************************************************************************
   freq (    1) =    -0.00000001 [THz] =    -0.00000018 [cm-1]
(  -0.255449  0.000000   0.214153  0.000000  -0.623606  0.000000 )
(  -0.255449  0.000000   0.214153  0.000000  -0.623606  0.000000 )
   freq (    2) =    -0.00000000 [THz] =    -0.00000005 [cm-1]
(   0.659330  0.000000   0.077430  0.000000  -0.243492  0.000000 )
(   0.659330  0.000000   0.077430  0.000000  -0.243492  0.000000 )
   freq (    3) =     0.00000001 [THz] =     0.00000024 [cm-1]
(   0.005457  0.000000   0.669435  0.000000   0.227656  0.000000 )
(   0.005457  0.000000   0.669435  0.000000   0.227656  0.000000 )
   freq (    4) =     0.61130493 [THz] =    20.39093460 [cm-1]
(   0.246266  0.000000   0.056919  0.000000  -0.459434  0.000000 )
(  -0.399893  0.000000  -0.092427  0.000000   0.746040  0.000000 )
   freq (    5) =     0.61130493 [THz] =    20.39093460 [cm-1]
(  -0.054813  0.000000   0.520319  0.000000   0.035082  0.000000 )
(   0.089006  0.000000  -0.844906  0.000000  -0.056966  0.000000 )
   freq (    6) =     0.61130493 [THz] =    20.39093460 [cm-1]
(  -0.459690  0.000000  -0.031549  0.000000  -0.250312  0.000000 )
(   0.746456  0.000000   0.051230  0.000000   0.406463  0.000000 )
***************************************************************************
