Dynamical matrix file
File generated with the CellConstructor by Lorenzo Monacelli
2 2 0     8.4717499000000007     0.0000000000000000     0.0000000000000000     0.0000000000000000     0.0000000000000000     0.0000000000000000
Basis vectors
    0.7690090170000000     0.7690090170000000     0.0000000000000000
    0.7690090170000000    -0.7690090170000000     0.0000000000000000
    0.7690090170000000    -0.0000000000000000     0.7690090170000000
	1  'Pb '  188851.2471721135952976
	2  'Te '  116300.2854206645570230
    1     1    -0.0000000000000000    -0.0000000000000000     0.0000000000000000
    2     2     0.7690090170000000    -0.0000000000000000     0.0000000000000000

     Dynamical Matrix in cartesian axes

     q = (    -0.000000000000    -0.000000000000     0.433458290000 )

    1    1
     0.0074552649978383     0.0000000000000000        0.0000000000000000    -0.0000000000000000        0.0000000000000000     0.0000000000000000
     0.0000000000000000     0.0000000000000000        0.0074552649978383     0.0000000000000000        0.0000000000000000    -0.0000000000000000
     0.0000000000000000     0.0000000000000000        0.0000000000000000     0.0000000000000000        0.0317475742017429    -0.0000000000000000
    1    2
     0.0055543534455215     0.0000000000000000        0.0000000000000000    -0.0000000000000000        0.0000000000000000     0.0000000000000000
     0.0000000000000000     0.0000000000000000        0.0055543534455215     0.0000000000000000        0.0000000000000000     0.0000000000000000
     0.0000000000000000     0.0000000000000000        0.0000000000000000     0.0000000000000000       -0.0028899922152315     0.0000000000000000
    2    1
     0.0055543534455215     0.0000000000000000        0.0000000000000000     0.0000000000000000        0.0000000000000000     0.0000000000000000
     0.0000000000000000    -0.0000000000000000        0.0055543534455215     0.0000000000000000        0.0000000000000000     0.0000000000000000
     0.0000000000000000     0.0000000000000000        0.0000000000000000    -0.0000000000000000       -0.0028899922152315     0.0000000000000000
    2    2
     0.0075321125642215     0.0000000000000000        0.0000000000000000     0.0000000000000000        0.0000000000000000     0.0000000000000000
     0.0000000000000000     0.0000000000000000        0.0075321125642215     0.0000000000000000        0.0000000000000000     0.0000000000000000
     0.0000000000000000     0.0000000000000000        0.0000000000000000     0.0000000000000000        0.0424011080688796     0.0000000000000000

     Dynamical Matrix in cartesian axes

     q = (     0.433458290000    -0.000000000000     0.000000000000 )

    1    1
     0.0317475742017429     0.0000000000000000        0.0000000000000000     0.0000000000000000        0.0000000000000000     0.0000000000000000
     0.0000000000000000     0.0000000000000000        0.0074552649978383     0.0000000000000000       -0.0000000000000000     0.0000000000000000
     0.0000000000000000     0.0000000000000000        0.0000000000000000    -0.0000000000000000        0.0074552649978383    -0.0000000000000000
    1    2
     0.0014449962561584     0.0025028065893686        0.0000000000000000    -0.0000000000000000        0.0000000000000000    -0.0000000000000000
    -0.0000000000000000    -0.0000000000000000       -0.0027771770082488    -0.0048102110205927        0.0000000000000000     0.0000000000000000
     0.0000000000000000     0.0000000000000000       -0.0000000000000000     0.0000000000000000       -0.0027771770082488    -0.0048102110205927
    2    1
     0.0014449962561584    -0.0025028065893686        0.0000000000000000     0.0000000000000000        0.0000000000000000     0.0000000000000000
    -0.0000000000000000     0.0000000000000000       -0.0027771770082488     0.0048102110205927        0.0000000000000000    -0.0000000000000000
     0.0000000000000000    -0.0000000000000000       -0.0000000000000000    -0.0000000000000000       -0.0027771770082488     0.0048102110205927
    2    2
     0.0424011080688796     0.0000000000000000        0.0000000000000000     0.0000000000000000        0.0000000000000000     0.0000000000000000
     0.0000000000000000     0.0000000000000000        0.0075321125642215     0.0000000000000000       -0.0000000000000000     0.0000000000000000
     0.0000000000000000     0.0000000000000000        0.0000000000000000     0.0000000000000000        0.0075321125642215     0.0000000000000000

     Dynamical Matrix in cartesian axes

     q = (    -0.433458290000     0.000000000000    -0.000000000000 )

    1    1
     0.0317475742017429     0.0000000000000000        0.0000000000000000     0.0000000000000000        0.0000000000000000    -0.0000000000000000
     0.0000000000000000     0.0000000000000000        0.0074552649978383     0.0000000000000000       -0.0000000000000000    -0.0000000000000000
     0.0000000000000000    -0.0000000000000000        0.0000000000000000     0.0000000000000000        0.0074552649978383     0.0000000000000000
    1    2
     0.0014449962561584    -0.0025028065893686        0.0000000000000000     0.0000000000000000        0.0000000000000000     0.0000000000000000
    -0.0000000000000000     0.0000000000000000       -0.0027771770082488     0.0048102110205927        0.0000000000000000    -0.0000000000000000
     0.0000000000000000    -0.0000000000000000       -0.0000000000000000    -0.0000000000000000       -0.0027771770082488     0.0048102110205927
    2    1
     0.0014449962561584     0.0025028065893686        0.0000000000000000    -0.0000000000000000        0.0000000000000000    -0.0000000000000000
    -0.0000000000000000    -0.0000000000000000       -0.0027771770082488    -0.0048102110205927        0.0000000000000000     0.0000000000000000
     0.0000000000000000     0.0000000000000000       -0.0000000000000000     0.0000000000000000       -0.0027771770082488    -0.0048102110205927
    2    2
     0.0424011080688796     0.0000000000000000        0.0000000000000000     0.0000000000000000        0.0000000000000000     0.0000000000000000
     0.0000000000000000     0.0000000000000000        0.0075321125642215     0.0000000000000000       -0.0000000000000000     0.0000000000000000
     0.0000000000000000     0.0000000000000000        0.0000000000000000     0.0000000000000000        0.0075321125642215     0.0000000000000000

     Dynamical Matrix in cartesian axes

     q = (    -0.000000000000     0.433458290000     0.000000000000 )

    1    1
     0.0074552649978383     0.0000000000000000        0.0000000000000000     0.0000000000000000        0.0000000000000000    -0.0000000000000000
     0.0000000000000000     0.0000000000000000        0.0317475742017429     0.0000000000000000        0.0000000000000000     0.0000000000000000
     0.0000000000000000     0.0000000000000000       -0.0000000000000000    -0.0000000000000000        0.0074552649978383     0.0000000000000000
    1    2
     0.0055543534455215     0.0000000000000000        0.0000000000000000     0.0000000000000000        0.0000000000000000    -0.0000000000000000
    -0.0000000000000000     0.0000000000000000       -0.0028899922152315     0.0000000000000000       -0.0000000000000000     0.0000000000000000
     0.0000000000000000    -0.0000000000000000       -0.0000000000000000     0.0000000000000000        0.0055543534455215     0.0000000000000000
    2    1
     0.0055543534455215     0.0000000000000000        0.0000000000000000     0.0000000000000000        0.0000000000000000     0.0000000000000000
    -0.0000000000000000     0.0000000000000000       -0.0028899922152315     0.0000000000000000       -0.0000000000000000     0.0000000000000000
     0.0000000000000000    -0.0000000000000000       -0.0000000000000000     0.0000000000000000        0.0055543534455215     0.0000000000000000
    2    2
     0.0075321125642215     0.0000000000000000        0.0000000000000000     0.0000000000000000        0.0000000000000000     0.0000000000000000
     0.0000000000000000     0.0000000000000000        0.0424011080688796     0.0000000000000000        0.0000000000000000     0.0000000000000000
     0.0000000000000000     0.0000000000000000       -0.0000000000000000     0.0000000000000000        0.0075321125642215     0.0000000000000000

     Dynamical Matrix in cartesian axes

     q = (     0.000000000000    -0.433458290000    -0.000000000000 )

    1    1
     0.0074552649978383     0.0000000000000000        0.0000000000000000     0.0000000000000000        0.0000000000000000     0.0000000000000000
     0.0000000000000000     0.0000000000000000        0.0317475742017429     0.0000000000000000        0.0000000000000000     0.0000000000000000
     0.0000000000000000    -0.0000000000000000       -0.0000000000000000     0.0000000000000000        0.0074552649978383    -0.0000000000000000
    1    2
     0.0055543534455215     0.0000000000000000        0.0000000000000000     0.0000000000000000        0.0000000000000000     0.0000000000000000
    -0.0000000000000000     0.0000000000000000       -0.0028899922152315     0.0000000000000000       -0.0000000000000000     0.0000000000000000
     0.0000000000000000     0.0000000000000000       -0.0000000000000000     0.0000000000000000        0.0055543534455215    -0.0000000000000000
    2    1
     0.0055543534455215     0.0000000000000000        0.0000000000000000     0.0000000000000000        0.0000000000000000     0.0000000000000000
    -0.0000000000000000     0.0000000000000000       -0.0028899922152315     0.0000000000000000       -0.0000000000000000     0.0000000000000000
     0.0000000000000000     0.0000000000000000       -0.0000000000000000     0.0000000000000000        0.0055543534455215    -0.0000000000000000
    2    2
     0.0075321125642215     0.0000000000000000        0.0000000000000000     0.0000000000000000        0.0000000000000000     0.0000000000000000
     0.0000000000000000     0.0000000000000000        0.0424011080688796     0.0000000000000000        0.0000000000000000     0.0000000000000000
     0.0000000000000000     0.0000000000000000       -0.0000000000000000     0.0000000000000000        0.0075321125642215     0.0000000000000000

     Dynamical Matrix in cartesian axes

     q = (     0.000000000000     0.000000000000    -0.433458290000 )

    1    1
     0.0074552649978383     0.0000000000000000        0.0000000000000000     0.0000000000000000        0.0000000000000000    -0.0000000000000000
     0.0000000000000000    -0.0000000000000000        0.0074552649978383     0.0000000000000000        0.0000000000000000     0.0000000000000000
     0.0000000000000000     0.0000000000000000        0.0000000000000000    -0.0000000000000000        0.0317475742017429     0.0000000000000000
    1    2
     0.0055543534455215     0.0000000000000000        0.0000000000000000     0.0000000000000000        0.0000000000000000    -0.0000000000000000
     0.0000000000000000    -0.0000000000000000        0.0055543534455215     0.0000000000000000        0.0000000000000000    -0.0000000000000000
     0.0000000000000000     0.0000000000000000        0.0000000000000000    -0.0000000000000000       -0.0028899922152315     0.0000000000000000
    2    1
     0.0055543534455215     0.0000000000000000        0.0000000000000000    -0.0000000000000000        0.0000000000000000    -0.0000000000000000
     0.0000000000000000     0.0000000000000000        0.0055543534455215     0.0000000000000000        0.0000000000000000    -0.0000000000000000
     0.0000000000000000     0.0000000000000000        0.0000000000000000     0.0000000000000000       -0.0028899922152315     0.0000000000000000
    2    2
     0.0075321125642215     0.0000000000000000        0.0000000000000000     0.0000000000000000        0.0000000000000000     0.0000000000000000
     0.0000000000000000     0.0000000000000000        0.0075321125642215     0.0000000000000000        0.0000000000000000     0.0000000000000000
     0.0000000000000000     0.0000000000000000        0.0000000000000000     0.0000000000000000        0.0424011080688796     0.0000000000000000

     Dielectric Tensor:

        236.421588440830          -0.000000000000           0.000000000000
         -0.000000000000         236.421588440830           0.000000000000
          0.000000000000           0.000000000000         236.421588440829

     Effective Charges E-U: Z_{alpha}{s,beta}

    atom #     1
      2.372769754140e+01       0.000000000000e+00       0.000000000000e+00
      0.000000000000e+00       2.372769754140e+01       0.000000000000e+00
      0.000000000000e+00       0.000000000000e+00       2.372769754140e+01
    atom #     2
     -2.372769754140e+01       0.000000000000e+00       0.000000000000e+00
      0.000000000000e+00      -2.372769754140e+01       0.000000000000e+00
      0.000000000000e+00       0.000000000000e+00      -2.372769754140e+01

     Diagonalizing the dynamical matrix

     q = (    -0.000000000000    -0.000000000000     0.433458290000 )

***************************************************************************
   freq (    1) =     0.36879681 [THz] =    12.30173557 [cm-1]
(  -0.737781  0.000000   0.000000  0.000000   0.000000  0.000000 )
(   0.675040  0.000000  -0.000000 -0.000000   0.000000 -0.000000 )
   freq (    2) =     0.36879681 [THz] =    12.30173557 [cm-1]
(   0.000000  0.000000   0.737781  0.000000  -0.000000  0.000000 )
(   0.000000  0.000000  -0.675040 -0.000000   0.000000 -0.000000 )
   freq (    3) =     0.99609220 [THz] =    33.22605460 [cm-1]
(  -0.490897  0.000000   0.000000 -0.000000   0.000000 -0.000000 )
(  -0.871218  0.000000   0.000000  0.000000  -0.000000  0.000000 )
   freq (    4) =     0.99609220 [THz] =    33.22605460 [cm-1]
(   0.000000  0.000000   0.490897  0.000000   0.000000  0.000000 )
(   0.000000  0.000000   0.871218  0.000000   0.000000  0.000000 )
   freq (    5) =     1.34115968 [THz] =    44.73626499 [cm-1]
(   0.000000  0.000000  -0.000000  0.000000   0.992247  0.000000 )
(  -0.000000  0.000000  -0.000000 -0.000000   0.124284 -0.000000 )
   freq (    6) =     1.99164594 [THz] =    66.43414817 [cm-1]
(   0.000000  0.000000   0.000000  0.000000  -0.076907  0.000000 )
(  -0.000000  0.000000   0.000000 -0.000000   0.997038 -0.000000 )
***************************************************************************
