  2    2   0  8.4717499  0.0000000  0.0000000  0.0000000  0.0000000  0.0000000
      0.769009017    0.769009017    0.000000000
      0.769009017   -0.769009017    0.000000000
      0.769009017   -0.000000000    0.769009017
           1  'Pb '    188851.24717211360     
           2  'Te '    116300.28542066456     
    1    1     -0.0000000000     -0.0000000000      0.0000000000
    2    2      0.7690090170     -0.0000000000      0.0000000000
 T
        236.421588440830         -0.000000000000          0.000000000000
         -0.000000000000        236.421588440830          0.000000000000
          0.000000000000          0.000000000000        236.421588440829
    1
     23.7276975      0.0000000      0.0000000
      0.0000000     23.7276975      0.0000000
      0.0000000      0.0000000     23.7276975
    2
    -23.7276975      0.0000000      0.0000000
      0.0000000    -23.7276975      0.0000000
      0.0000000      0.0000000    -23.7276975
   3   3   3
   1   1   1   1
   1   1   1   2.72002693622E-02
   2   1   1   5.90039878841E-04
   3   1   1   5.90039878841E-04
   1   2   1   5.90039878841E-04
   2   2   1  -6.02536027728E-03
   3   2   1  -1.66074947872E-03
   1   3   1   5.90039878841E-04
   2   3   1  -1.66074947872E-03
   3   3   1  -6.02536027728E-03
   1   1   2   5.90039878841E-04
   2   1   2  -3.12470608993E-04
   3   1   2   7.80730501364E-04
   1   2   2  -3.12470608993E-04
   2   2   2  -1.66074947872E-03
   3   2   2  -3.12470608993E-04
   1   3   2   7.80730501364E-04
   2   3   2  -3.12470608993E-04
   3   3   2   5.90039878841E-04
   1   1   3   5.90039878841E-04
   2   1   3   7.80730501364E-04
   3   1   3  -3.12470608993E-04
   1   2   3   7.80730501364E-04
   2   2   3   5.90039878841E-04
   3   2   3  -3.12470608993E-04
   1   3   3  -3.12470608993E-04
   2   3   3  -3.12470608993E-04
   3   3   3  -1.66074947872E-03
   1   1   1   2
   1   1   1  -1.38415173676E-03
   2   1   1  -2.35727154068E-03
   3   1   1   8.45646856918E-05
   1   2   1  -2.35727154068E-03
   2   2   1  -1.38415198532E-03
   3   2   1   8.45646451582E-05
   1   3   1   8.45646856918E-05
   2   3   1   8.45646451582E-05
   3   3   1   4.60498490580E-03
   1   1   2  -2.35727154068E-03
   2   1   2  -5.77578359141E-04
   3   1   2  -5.77578315932E-04
   1   2   2  -5.77578359141E-04
   2   2   2   8.45646451582E-05
   3   2   2  -5.78378175279E-04
   1   3   2  -5.77578315932E-04
   2   3   2  -5.78378175279E-04
   3   3   2   8.45646856918E-05
   1   1   3   8.45646856918E-05
   2   1   3  -5.77578315932E-04
   3   1   3  -5.78378175279E-04
   1   2   3  -5.77578315932E-04
   2   2   3  -2.35727154068E-03
   3   2   3  -5.77578359141E-04
   1   3   3  -5.78378175279E-04
   2   3   3  -5.77578359141E-04
   3   3   3   8.45646451582E-05
   1   1   2   1
   1   1   1  -1.38415173676E-03
   2   1   1   8.45646856918E-05
   3   1   1  -2.35727154068E-03
   1   2   1   8.45646856918E-05
   2   2   1   4.60498490580E-03
   3   2   1   8.45646451582E-05
   1   3   1  -2.35727154068E-03
   2   3   1   8.45646451582E-05
   3   3   1  -1.38415198532E-03
   1   1   2   8.45646856918E-05
   2   1   2  -5.78378175279E-04
   3   1   2  -5.77578315932E-04
   1   2   2  -5.78378175279E-04
   2   2   2   8.45646451582E-05
   3   2   2  -5.77578359141E-04
   1   3   2  -5.77578315932E-04
   2   3   2  -5.77578359141E-04
   3   3   2  -2.35727154068E-03
   1   1   3  -2.35727154068E-03
   2   1   3  -5.77578315932E-04
   3   1   3  -5.77578359141E-04
   1   2   3  -5.77578315932E-04
   2   2   3   8.45646856918E-05
   3   2   3  -5.78378175279E-04
   1   3   3  -5.77578359141E-04
   2   3   3  -5.78378175279E-04
   3   3   3   8.45646451582E-05
   1   1   2   2
   1   1   1   2.97396285809E-02
   2   1   1  -1.63874129352E-04
   3   1   1  -1.63874129352E-04
   1   2   1  -1.63874129352E-04
   2   2   1  -8.28624730556E-03
   3   2   1  -1.06772251519E-03
   1   3   1  -1.63874129352E-04
   2   3   1  -1.06772251519E-03
   3   3   1  -8.28624730556E-03
   1   1   2  -1.63874129352E-04
   2   1   2   5.88288803950E-04
   3   1   2   3.89616437798E-04
   1   2   2   5.88288803950E-04
   2   2   2  -1.06772251519E-03
   3   2   2   5.88288803950E-04
   1   3   2   3.89616437798E-04
   2   3   2   5.88288803950E-04
   3   3   2  -1.63874129352E-04
   1   1   3  -1.63874129352E-04
   2   1   3   3.89616437798E-04
   3   1   3   5.88288803950E-04
   1   2   3   3.89616437798E-04
   2   2   3  -1.63874129352E-04
   3   2   3   5.88288803950E-04
   1   3   3   5.88288803950E-04
   2   3   3   5.88288803950E-04
   3   3   3  -1.06772251519E-03
   1   2   1   1
   1   1   1   0.00000000000E+00
   2   1   1  -5.35262137932E-03
   3   1   1  -5.35262137932E-03
   1   2   1   5.35262137932E-03
   2   2   1   0.00000000000E+00
   3   2   1   0.00000000000E+00
   1   3   1   5.35262137932E-03
   2   3   1   0.00000000000E+00
   3   3   1   0.00000000000E+00
   1   1   2   0.00000000000E+00
   2   1   2  -2.71319534286E-04
   3   1   2  -1.60622544072E-20
   1   2   2   2.71319534286E-04
   2   2   2   0.00000000000E+00
   3   2   2   2.71319534286E-04
   1   3   2   1.60622544072E-20
   2   3   2  -2.71319534286E-04
   3   3   2   0.00000000000E+00
   1   1   3   0.00000000000E+00
   2   1   3  -1.60622544072E-20
   3   1   3  -2.71319534286E-04
   1   2   3   1.60622544072E-20
   2   2   3   0.00000000000E+00
   3   2   3  -2.71319534286E-04
   1   3   3   2.71319534286E-04
   2   3   3   2.71319534286E-04
   3   3   3   0.00000000000E+00
   1   2   1   2
   1   1   1   0.00000000000E+00
   2   1   1  -3.75404347847E-11
   3   1   1   1.09365895045E-03
   1   2   1   3.75404348168E-11
   2   2   1   0.00000000000E+00
   3   2   1   1.09365898799E-03
   1   3   1  -1.09365895045E-03
   2   3   1  -1.09365898799E-03
   3   3   1   0.00000000000E+00
   1   1   2   0.00000000000E+00
   2   1   2   2.70634442699E-04
   3   1   2   2.70634452005E-04
   1   2   2  -2.70634442699E-04
   2   2   2   0.00000000000E+00
   3   2   2   9.30611712305E-12
   1   3   2  -2.70634452005E-04
   2   3   2  -9.30611712305E-12
   3   3   2   0.00000000000E+00
   1   1   3   0.00000000000E+00
   2   1   3  -2.70634452005E-04
   3   1   3  -9.30611699455E-12
   1   2   3   2.70634452005E-04
   2   2   3   0.00000000000E+00
   3   2   3   2.70634442699E-04
   1   3   3   9.30611702668E-12
   2   3   3  -2.70634442699E-04
   3   3   3   0.00000000000E+00
   1   2   2   1
   1   1   1   0.00000000000E+00
   2   1   1   1.09365895045E-03
   3   1   1  -3.75404347847E-11
   1   2   1  -1.09365895045E-03
   2   2   1   0.00000000000E+00
   3   2   1  -1.09365898799E-03
   1   3   1   3.75404348168E-11
   2   3   1   1.09365898799E-03
   3   3   1   0.00000000000E+00
   1   1   2   0.00000000000E+00
   2   1   2  -9.30611699455E-12
   3   1   2  -2.70634452005E-04
   1   2   2   9.30611702668E-12
   2   2   2   0.00000000000E+00
   3   2   2  -2.70634442699E-04
   1   3   2   2.70634452005E-04
   2   3   2   2.70634442699E-04
   3   3   2   0.00000000000E+00
   1   1   3   0.00000000000E+00
   2   1   3   2.70634452005E-04
   3   1   3   2.70634442699E-04
   1   2   3  -2.70634452005E-04
   2   2   3   0.00000000000E+00
   3   2   3  -9.30611712305E-12
   1   3   3  -2.70634442699E-04
   2   3   3   9.30611712305E-12
   3   3   3   0.00000000000E+00
   1   2   2   2
   1   1   1   0.00000000000E+00
   2   1   1  -4.04307178256E-04
   3   1   1  -4.04307178256E-04
   1   2   1   4.04307178256E-04
   2   2   1   0.00000000000E+00
   3   2   1   0.00000000000E+00
   1   3   1   4.04307178256E-04
   2   3   1   0.00000000000E+00
   3   3   1   0.00000000000E+00
   1   1   2   0.00000000000E+00
   2   1   2  -3.36969449272E-04
   3   1   2  -3.21245088144E-20
   1   2   2   3.36969449272E-04
   2   2   2   0.00000000000E+00
   3   2   2   3.36969449272E-04
   1   3   2   3.21245088144E-20
   2   3   2  -3.36969449272E-04
   3   3   2   0.00000000000E+00
   1   1   3   0.00000000000E+00
   2   1   3  -3.21245088144E-20
   3   1   3  -3.36969449272E-04
   1   2   3   3.21245088144E-20
   2   2   3   0.00000000000E+00
   3   2   3  -3.36969449272E-04
   1   3   3   3.36969449272E-04
   2   3   3   3.36969449272E-04
   3   3   3   0.00000000000E+00
   1   3   1   1
   1   1   1  -7.19588997442E-18
   2   1   1  -7.45288604494E-18
   3   1   1  -7.45288604494E-18
   1   2   1  -7.45288604494E-18
   2   2   1   3.85494105773E-18
   3   2   1   1.46487760194E-17
   1   3   1  -7.45288604494E-18
   2   3   1   1.46487760194E-17
   3   3   1   3.85494105773E-18
   1   1   2  -5.35262137932E-03
   2   1   2  -2.71319534286E-04
   3   1   2  -7.29226350087E-18
   1   2   2  -2.71319534286E-04
   2   2   2   3.59794498721E-18
   3   2   2   2.71319534286E-04
   1   3   2  -7.37257477290E-18
   2   3   2   2.71319534286E-04
   3   3   2   5.35262137932E-03
   1   1   3  -5.35262137932E-03
   2   1   3  -7.29226350087E-18
   3   1   3  -2.71319534286E-04
   1   2   3  -7.37257477290E-18
   2   2   3   5.35262137932E-03
   3   2   3   2.71319534286E-04
   1   3   3  -2.71319534286E-04
   2   3   3   2.71319534286E-04
   3   3   3   3.59794498721E-18
   1   3   1   2
   1   1   1   0.00000000000E+00
   2   1   1   0.00000000000E+00
   3   1   1   0.00000000000E+00
   1   2   1   0.00000000000E+00
   2   2   1  -6.42490176288E-20
   3   2   1  -6.42490176288E-20
   1   3   1   0.00000000000E+00
   2   3   1   3.21245088144E-20
   3   3   1   0.00000000000E+00
   1   1   2  -3.75404347526E-11
   2   1   2   2.70634442699E-04
   3   1   2  -2.70634452005E-04
   1   2   2   2.70634442699E-04
   2   2   2   1.09365898799E-03
   3   2   2   9.30611702668E-12
   1   3   2  -2.70634452005E-04
   2   3   2   9.30611704274E-12
   3   3   2  -1.09365895045E-03
   1   1   3   1.09365895045E-03
   2   1   3   2.70634452005E-04
   3   1   3  -9.30611707486E-12
   1   2   3   2.70634452005E-04
   2   2   3   3.75404348811E-11
   3   2   3  -2.70634442699E-04
   1   3   3  -9.30611701062E-12
   2   3   3  -2.70634442699E-04
   3   3   3  -1.09365898799E-03
   1   3   2   1
   1   1   1   0.00000000000E+00
   2   1   1   0.00000000000E+00
   3   1   1   0.00000000000E+00
   1   2   1   0.00000000000E+00
   2   2   1   0.00000000000E+00
   3   2   1   3.21245088144E-20
   1   3   1   0.00000000000E+00
   2   3   1  -6.42490176288E-20
   3   3   1  -6.42490176288E-20
   1   1   2   1.09365895045E-03
   2   1   2  -9.30611707486E-12
   3   1   2   2.70634452005E-04
   1   2   2  -9.30611701062E-12
   2   2   2  -1.09365898799E-03
   3   2   2  -2.70634442699E-04
   1   3   2   2.70634452005E-04
   2   3   2  -2.70634442699E-04
   3   3   2   3.75404348811E-11
   1   1   3  -3.75404347526E-11
   2   1   3  -2.70634452005E-04
   3   1   3   2.70634442699E-04
   1   2   3  -2.70634452005E-04
   2   2   3  -1.09365895045E-03
   3   2   3   9.30611704274E-12
   1   3   3   2.70634442699E-04
   2   3   3   9.30611702668E-12
   3   3   3   1.09365898799E-03
   1   3   2   2
   1   1   1   0.00000000000E+00
   2   1   1   0.00000000000E+00
   3   1   1   0.00000000000E+00
   1   2   1   0.00000000000E+00
   2   2   1   0.00000000000E+00
   3   2   1   0.00000000000E+00
   1   3   1   0.00000000000E+00
   2   3   1   0.00000000000E+00
   3   3   1   0.00000000000E+00
   1   1   2  -4.04307178256E-04
   2   1   2  -3.36969449272E-04
   3   1   2   0.00000000000E+00
   1   2   2  -3.36969449272E-04
   2   2   2   0.00000000000E+00
   3   2   2   3.36969449272E-04
   1   3   2  -3.21245088144E-20
   2   3   2   3.36969449272E-04
   3   3   2   4.04307178256E-04
   1   1   3  -4.04307178256E-04
   2   1   3   0.00000000000E+00
   3   1   3  -3.36969449272E-04
   1   2   3  -3.21245088144E-20
   2   2   3   4.04307178256E-04
   3   2   3   3.36969449272E-04
   1   3   3  -3.36969449272E-04
   2   3   3   3.36969449272E-04
   3   3   3   0.00000000000E+00
   2   1   1   1
   1   1   1   0.00000000000E+00
   2   1   1  -5.35262137932E-03
   3   1   1  -5.35262137932E-03
   1   2   1   5.35262137932E-03
   2   2   1   0.00000000000E+00
   3   2   1   0.00000000000E+00
   1   3   1   5.35262137932E-03
   2   3   1   0.00000000000E+00
   3   3   1   0.00000000000E+00
   1   1   2   0.00000000000E+00
   2   1   2  -2.71319534286E-04
   3   1   2  -1.60622544072E-20
   1   2   2   2.71319534286E-04
   2   2   2   0.00000000000E+00
   3   2   2   2.71319534286E-04
   1   3   2   1.60622544072E-20
   2   3   2  -2.71319534286E-04
   3   3   2   0.00000000000E+00
   1   1   3   0.00000000000E+00
   2   1   3  -1.60622544072E-20
   3   1   3  -2.71319534286E-04
   1   2   3   1.60622544072E-20
   2   2   3   0.00000000000E+00
   3   2   3  -2.71319534286E-04
   1   3   3   2.71319534286E-04
   2   3   3   2.71319534286E-04
   3   3   3   0.00000000000E+00
   2   1   1   2
   1   1   1   0.00000000000E+00
   2   1   1  -3.75404347847E-11
   3   1   1   1.09365895045E-03
   1   2   1   3.75404348168E-11
   2   2   1   0.00000000000E+00
   3   2   1   1.09365898799E-03
   1   3   1  -1.09365895045E-03
   2   3   1  -1.09365898799E-03
   3   3   1   0.00000000000E+00
   1   1   2   0.00000000000E+00
   2   1   2   2.70634442699E-04
   3   1   2   2.70634452005E-04
   1   2   2  -2.70634442699E-04
   2   2   2   0.00000000000E+00
   3   2   2   9.30611712305E-12
   1   3   2  -2.70634452005E-04
   2   3   2  -9.30611712305E-12
   3   3   2   0.00000000000E+00
   1   1   3   0.00000000000E+00
   2   1   3  -2.70634452005E-04
   3   1   3  -9.30611699455E-12
   1   2   3   2.70634452005E-04
   2   2   3   0.00000000000E+00
   3   2   3   2.70634442699E-04
   1   3   3   9.30611702668E-12
   2   3   3  -2.70634442699E-04
   3   3   3   0.00000000000E+00
   2   1   2   1
   1   1   1   0.00000000000E+00
   2   1   1   1.09365895045E-03
   3   1   1  -3.75404347847E-11
   1   2   1  -1.09365895045E-03
   2   2   1   0.00000000000E+00
   3   2   1  -1.09365898799E-03
   1   3   1   3.75404348168E-11
   2   3   1   1.09365898799E-03
   3   3   1   0.00000000000E+00
   1   1   2   0.00000000000E+00
   2   1   2  -9.30611699455E-12
   3   1   2  -2.70634452005E-04
   1   2   2   9.30611702668E-12
   2   2   2   0.00000000000E+00
   3   2   2  -2.70634442699E-04
   1   3   2   2.70634452005E-04
   2   3   2   2.70634442699E-04
   3   3   2   0.00000000000E+00
   1   1   3   0.00000000000E+00
   2   1   3   2.70634452005E-04
   3   1   3   2.70634442699E-04
   1   2   3  -2.70634452005E-04
   2   2   3   0.00000000000E+00
   3   2   3  -9.30611712305E-12
   1   3   3  -2.70634442699E-04
   2   3   3   9.30611712305E-12
   3   3   3   0.00000000000E+00
   2   1   2   2
   1   1   1   0.00000000000E+00
   2   1   1  -4.04307178256E-04
   3   1   1  -4.04307178256E-04
   1   2   1   4.04307178256E-04
   2   2   1   0.00000000000E+00
   3   2   1   0.00000000000E+00
   1   3   1   4.04307178256E-04
   2   3   1   0.00000000000E+00
   3   3   1   0.00000000000E+00
   1   1   2   0.00000000000E+00
   2   1   2  -3.36969449272E-04
   3   1   2  -3.21245088144E-20
   1   2   2   3.36969449272E-04
   2   2   2   0.00000000000E+00
   3   2   2   3.36969449272E-04
   1   3   2   3.21245088144E-20
   2   3   2  -3.36969449272E-04
   3   3   2   0.00000000000E+00
   1   1   3   0.00000000000E+00
   2   1   3  -3.21245088144E-20
   3   1   3  -3.36969449272E-04
   1   2   3   3.21245088144E-20
   2   2   3   0.00000000000E+00
   3   2   3  -3.36969449272E-04
   1   3   3   3.36969449272E-04
   2   3   3   3.36969449272E-04
   3   3   3   0.00000000000E+00
   2   2   1   1
   1   1   1   2.72002693622E-02
   2   1   1   5.90039878841E-04
   3   1   1   5.90039878841E-04
   1   2   1   5.90039878841E-04
   2   2   1  -1.66074947872E-03
   3   2   1  -6.02536027728E-03
   1   3   1   5.90039878841E-04
   2   3   1  -6.02536027728E-03
   3   3   1  -1.66074947872E-03
   1   1   2   7.80730501364E-04
   2   1   2  -3.12470608993E-04
   3   1   2   5.90039878841E-04
   1   2   2  -3.12470608993E-04
   2   2   2  -1.66074947872E-03
   3   2   2  -3.12470608993E-04
   1   3   2   5.90039878841E-04
   2   3   2  -3.12470608993E-04
   3   3   2   7.80730501364E-04
   1   1   3   7.80730501364E-04
   2   1   3   5.90039878841E-04
   3   1   3  -3.12470608993E-04
   1   2   3   5.90039878841E-04
   2   2   3   7.80730501364E-04
   3   2   3  -3.12470608993E-04
   1   3   3  -3.12470608993E-04
   2   3   3  -3.12470608993E-04
   3   3   3  -1.66074947872E-03
   2   2   1   2
   1   1   1  -2.35727143913E-03
   2   1   1  -1.38415186104E-03
   3   1   1   8.45647084143E-05
   1   2   1  -1.38415186104E-03
   2   2   1  -2.35727164224E-03
   3   2   1   8.45646224357E-05
   1   3   1   8.45647084143E-05
   2   3   1   8.45646224357E-05
   3   3   1   4.60498490580E-03
   1   1   2  -2.35727154068E-03
   2   1   2  -5.77578331104E-04
   3   1   2  -5.77578343969E-04
   1   2   2  -5.77578331104E-04
   2   2   2  -5.78378223582E-04
   3   2   2   8.45646654250E-05
   1   3   2  -5.77578343969E-04
   2   3   2   8.45646654250E-05
   3   3   2  -5.78378126975E-04
   1   1   3  -5.78378126975E-04
   2   1   3  -5.77578343969E-04
   3   1   3   8.45646654250E-05
   1   2   3  -5.77578343969E-04
   2   2   3  -2.35727154068E-03
   3   2   3  -5.77578331104E-04
   1   3   3   8.45646654250E-05
   2   3   3  -5.77578331104E-04
   3   3   3  -5.78378223582E-04
   2   2   2   1
   1   1   1  -2.35727143913E-03
   2   1   1   8.45647084143E-05
   3   1   1  -1.38415186104E-03
   1   2   1   8.45647084143E-05
   2   2   1   4.60498490580E-03
   3   2   1   8.45646224357E-05
   1   3   1  -1.38415186104E-03
   2   3   1   8.45646224357E-05
   3   3   1  -2.35727164224E-03
   1   1   2  -5.78378126975E-04
   2   1   2   8.45646654250E-05
   3   1   2  -5.77578343969E-04
   1   2   2   8.45646654250E-05
   2   2   2  -5.78378223582E-04
   3   2   2  -5.77578331104E-04
   1   3   2  -5.77578343969E-04
   2   3   2  -5.77578331104E-04
   3   3   2  -2.35727154068E-03
   1   1   3  -2.35727154068E-03
   2   1   3  -5.77578343969E-04
   3   1   3  -5.77578331104E-04
   1   2   3  -5.77578343969E-04
   2   2   3  -5.78378126975E-04
   3   2   3   8.45646654250E-05
   1   3   3  -5.77578331104E-04
   2   3   3   8.45646654250E-05
   3   3   3  -5.78378223582E-04
   2   2   2   2
   1   1   1   2.97396285809E-02
   2   1   1  -1.63874129352E-04
   3   1   1  -1.63874129352E-04
   1   2   1  -1.63874129352E-04
   2   2   1  -1.06772251519E-03
   3   2   1  -8.28624730556E-03
   1   3   1  -1.63874129352E-04
   2   3   1  -8.28624730556E-03
   3   3   1  -1.06772251519E-03
   1   1   2   3.89616437798E-04
   2   1   2   5.88288803950E-04
   3   1   2  -1.63874129352E-04
   1   2   2   5.88288803950E-04
   2   2   2  -1.06772251519E-03
   3   2   2   5.88288803950E-04
   1   3   2  -1.63874129352E-04
   2   3   2   5.88288803950E-04
   3   3   2   3.89616437798E-04
   1   1   3   3.89616437798E-04
   2   1   3  -1.63874129352E-04
   3   1   3   5.88288803950E-04
   1   2   3  -1.63874129352E-04
   2   2   3   3.89616437798E-04
   3   2   3   5.88288803950E-04
   1   3   3   5.88288803950E-04
   2   3   3   5.88288803950E-04
   3   3   3  -1.06772251519E-03
   2   3   1   1
   1   1   1   2.05596856412E-18
   2   1   1   1.02798428206E-17
   3   1   1   1.02798428206E-17
   1   2   1  -1.20788153142E-17
   2   2   1   1.78513387783E-18
   3   2   1  -8.85647631032E-19
   1   3   1  -1.20788153142E-17
   2   3   1  -8.85647631032E-19
   3   3   1   1.78513387783E-18
   1   1   2  -1.02798428206E-18
   2   1   2   2.71319534286E-04
   3   1   2   5.35262137932E-03
   1   2   2  -2.71319534286E-04
   2   2   2  -9.48208220352E-19
   3   2   2   2.71319534286E-04
   1   3   2  -5.35262137932E-03
   2   3   2  -2.71319534286E-04
   3   3   2  -8.36925657483E-19
   1   1   3  -1.02798428206E-18
   2   1   3   5.35262137932E-03
   3   1   3   2.71319534286E-04
   1   2   3  -5.35262137932E-03
   2   2   3  -8.36925657483E-19
   3   2   3  -2.71319534286E-04
   1   3   3  -2.71319534286E-04
   2   3   3   2.71319534286E-04
   3   3   3  -9.48208220352E-19
   2   3   1   2
   1   1   1   0.00000000000E+00
   2   1   1   0.00000000000E+00
   3   1   1   0.00000000000E+00
   1   2   1   0.00000000000E+00
   2   2   1   0.00000000000E+00
   3   2   1   0.00000000000E+00
   1   3   1   0.00000000000E+00
   2   3   1   0.00000000000E+00
   3   3   1  -3.21245088144E-20
   1   1   2   0.00000000000E+00
   2   1   2   2.70634470775E-04
   3   1   2  -2.70634423929E-04
   1   2   2  -2.70634470775E-04
   2   2   2  -2.78206407174E-20
   3   2   2  -1.09365896922E-03
   1   3   2   2.70634423929E-04
   2   3   2   1.09365896922E-03
   3   3   2   1.60622544072E-20
   1   1   3   0.00000000000E+00
   2   1   3  -2.70634423929E-04
   3   1   3  -1.09365896922E-03
   1   2   3   2.70634423929E-04
   2   2   3   2.78206407174E-20
   3   2   3  -2.70634470775E-04
   1   3   3   1.09365896922E-03
   2   3   3   2.70634470775E-04
   3   3   3   1.60622544072E-20
   2   3   2   1
   1   1   1   0.00000000000E+00
   2   1   1   0.00000000000E+00
   3   1   1   0.00000000000E+00
   1   2   1   0.00000000000E+00
   2   2   1  -3.21245088144E-20
   3   2   1   0.00000000000E+00
   1   3   1   0.00000000000E+00
   2   3   1   0.00000000000E+00
   3   3   1   0.00000000000E+00
   1   1   2   0.00000000000E+00
   2   1   2  -1.09365896922E-03
   3   1   2  -2.70634423929E-04
   1   2   2   1.09365896922E-03
   2   2   2   1.60622544072E-20
   3   2   2   2.70634470775E-04
   1   3   2   2.70634423929E-04
   2   3   2  -2.70634470775E-04
   3   3   2   2.78206407174E-20
   1   1   3   0.00000000000E+00
   2   1   3  -2.70634423929E-04
   3   1   3   2.70634470775E-04
   1   2   3   2.70634423929E-04
   2   2   3   1.60622544072E-20
   3   2   3   1.09365896922E-03
   1   3   3  -2.70634470775E-04
   2   3   3  -1.09365896922E-03
   3   3   3  -2.78206407174E-20
   2   3   2   2
   1   1   1   0.00000000000E+00
   2   1   1   0.00000000000E+00
   3   1   1   0.00000000000E+00
   1   2   1   0.00000000000E+00
   2   2   1   0.00000000000E+00
   3   2   1   0.00000000000E+00
   1   3   1   0.00000000000E+00
   2   3   1   0.00000000000E+00
   3   3   1   0.00000000000E+00
   1   1   2   0.00000000000E+00
   2   1   2   3.36969449272E-04
   3   1   2   4.04307178256E-04
   1   2   2  -3.36969449272E-04
   2   2   2  -2.78206407174E-20
   3   2   2   3.36969449272E-04
   1   3   2  -4.04307178256E-04
   2   3   2  -3.36969449272E-04
   3   3   2   2.78206407174E-20
   1   1   3   0.00000000000E+00
   2   1   3   4.04307178256E-04
   3   1   3   3.36969449272E-04
   1   2   3  -4.04307178256E-04
   2   2   3   2.78206407174E-20
   3   2   3  -3.36969449272E-04
   1   3   3  -3.36969449272E-04
   2   3   3   3.36969449272E-04
   3   3   3  -2.78206407174E-20
   3   1   1   1
   1   1   1  -7.19588997442E-18
   2   1   1  -7.45288604494E-18
   3   1   1  -7.45288604494E-18
   1   2   1  -7.45288604494E-18
   2   2   1   3.85494105773E-18
   3   2   1   1.46487760194E-17
   1   3   1  -7.45288604494E-18
   2   3   1   1.46487760194E-17
   3   3   1   3.85494105773E-18
   1   1   2  -5.35262137932E-03
   2   1   2  -2.71319534286E-04
   3   1   2  -7.29226350087E-18
   1   2   2  -2.71319534286E-04
   2   2   2   3.59794498721E-18
   3   2   2   2.71319534286E-04
   1   3   2  -7.37257477290E-18
   2   3   2   2.71319534286E-04
   3   3   2   5.35262137932E-03
   1   1   3  -5.35262137932E-03
   2   1   3  -7.29226350087E-18
   3   1   3  -2.71319534286E-04
   1   2   3  -7.37257477290E-18
   2   2   3   5.35262137932E-03
   3   2   3   2.71319534286E-04
   1   3   3  -2.71319534286E-04
   2   3   3   2.71319534286E-04
   3   3   3   3.59794498721E-18
   3   1   1   2
   1   1   1   0.00000000000E+00
   2   1   1   0.00000000000E+00
   3   1   1   0.00000000000E+00
   1   2   1   0.00000000000E+00
   2   2   1  -6.42490176288E-20
   3   2   1  -6.42490176288E-20
   1   3   1   0.00000000000E+00
   2   3   1   3.21245088144E-20
   3   3   1   0.00000000000E+00
   1   1   2  -3.75404347526E-11
   2   1   2   2.70634442699E-04
   3   1   2  -2.70634452005E-04
   1   2   2   2.70634442699E-04
   2   2   2   1.09365898799E-03
   3   2   2   9.30611702668E-12
   1   3   2  -2.70634452005E-04
   2   3   2   9.30611704274E-12
   3   3   2  -1.09365895045E-03
   1   1   3   1.09365895045E-03
   2   1   3   2.70634452005E-04
   3   1   3  -9.30611707486E-12
   1   2   3   2.70634452005E-04
   2   2   3   3.75404348811E-11
   3   2   3  -2.70634442699E-04
   1   3   3  -9.30611701062E-12
   2   3   3  -2.70634442699E-04
   3   3   3  -1.09365898799E-03
   3   1   2   1
   1   1   1   0.00000000000E+00
   2   1   1   0.00000000000E+00
   3   1   1   0.00000000000E+00
   1   2   1   0.00000000000E+00
   2   2   1   0.00000000000E+00
   3   2   1   3.21245088144E-20
   1   3   1   0.00000000000E+00
   2   3   1  -6.42490176288E-20
   3   3   1  -6.42490176288E-20
   1   1   2   1.09365895045E-03
   2   1   2  -9.30611707486E-12
   3   1   2   2.70634452005E-04
   1   2   2  -9.30611701062E-12
   2   2   2  -1.09365898799E-03
   3   2   2  -2.70634442699E-04
   1   3   2   2.70634452005E-04
   2   3   2  -2.70634442699E-04
   3   3   2   3.75404348811E-11
   1   1   3  -3.75404347526E-11
   2   1   3  -2.70634452005E-04
   3   1   3   2.70634442699E-04
   1   2   3  -2.70634452005E-04
   2   2   3  -1.09365895045E-03
   3   2   3   9.30611704274E-12
   1   3   3   2.70634442699E-04
   2   3   3   9.30611702668E-12
   3   3   3   1.09365898799E-03
   3   1   2   2
   1   1   1   0.00000000000E+00
   2   1   1   0.00000000000E+00
   3   1   1   0.00000000000E+00
   1   2   1   0.00000000000E+00
   2   2   1   0.00000000000E+00
   3   2   1   0.00000000000E+00
   1   3   1   0.00000000000E+00
   2   3   1   0.00000000000E+00
   3   3   1   0.00000000000E+00
   1   1   2  -4.04307178256E-04
   2   1   2  -3.36969449272E-04
   3   1   2   0.00000000000E+00
   1   2   2  -3.36969449272E-04
   2   2   2   0.00000000000E+00
   3   2   2   3.36969449272E-04
   1   3   2  -3.21245088144E-20
   2   3   2   3.36969449272E-04
   3   3   2   4.04307178256E-04
   1   1   3  -4.04307178256E-04
   2   1   3   0.00000000000E+00
   3   1   3  -3.36969449272E-04
   1   2   3  -3.21245088144E-20
   2   2   3   4.04307178256E-04
   3   2   3   3.36969449272E-04
   1   3   3  -3.36969449272E-04
   2   3   3   3.36969449272E-04
   3   3   3   0.00000000000E+00
   3   2   1   1
   1   1   1   2.05596856412E-18
   2   1   1   1.02798428206E-17
   3   1   1   1.02798428206E-17
   1   2   1  -1.20788153142E-17
   2   2   1   1.78513387783E-18
   3   2   1  -8.85647631032E-19
   1   3   1  -1.20788153142E-17
   2   3   1  -8.85647631032E-19
   3   3   1   1.78513387783E-18
   1   1   2  -1.02798428206E-18
   2   1   2   2.71319534286E-04
   3   1   2   5.35262137932E-03
   1   2   2  -2.71319534286E-04
   2   2   2  -9.48208220352E-19
   3   2   2   2.71319534286E-04
   1   3   2  -5.35262137932E-03
   2   3   2  -2.71319534286E-04
   3   3   2  -8.36925657483E-19
   1   1   3  -1.02798428206E-18
   2   1   3   5.35262137932E-03
   3   1   3   2.71319534286E-04
   1   2   3  -5.35262137932E-03
   2   2   3  -8.36925657483E-19
   3   2   3  -2.71319534286E-04
   1   3   3  -2.71319534286E-04
   2   3   3   2.71319534286E-04
   3   3   3  -9.48208220352E-19
   3   2   1   2
   1   1   1   0.00000000000E+00
   2   1   1   0.00000000000E+00
   3   1   1   0.00000000000E+00
   1   2   1   0.00000000000E+00
   2   2   1   0.00000000000E+00
   3   2   1   0.00000000000E+00
   1   3   1   0.00000000000E+00
   2   3   1   0.00000000000E+00
   3   3   1  -3.21245088144E-20
   1   1   2   0.00000000000E+00
   2   1   2   2.70634470775E-04
   3   1   2  -2.70634423929E-04
   1   2   2  -2.70634470775E-04
   2   2   2  -2.78206407174E-20
   3   2   2  -1.09365896922E-03
   1   3   2   2.70634423929E-04
   2   3   2   1.09365896922E-03
   3   3   2   1.60622544072E-20
   1   1   3   0.00000000000E+00
   2   1   3  -2.70634423929E-04
   3   1   3  -1.09365896922E-03
   1   2   3   2.70634423929E-04
   2   2   3   2.78206407174E-20
   3   2   3  -2.70634470775E-04
   1   3   3   1.09365896922E-03
   2   3   3   2.70634470775E-04
   3   3   3   1.60622544072E-20
   3   2   2   1
   1   1   1   0.00000000000E+00
   2   1   1   0.00000000000E+00
   3   1   1   0.00000000000E+00
   1   2   1   0.00000000000E+00
   2   2   1  -3.21245088144E-20
   3   2   1   0.00000000000E+00
   1   3   1   0.00000000000E+00
   2   3   1   0.00000000000E+00
   3   3   1   0.00000000000E+00
   1   1   2   0.00000000000E+00
   2   1   2  -1.09365896922E-03
   3   1   2  -2.70634423929E-04
   1   2   2   1.09365896922E-03
   2   2   2   1.60622544072E-20
   3   2   2   2.70634470775E-04
   1   3   2   2.70634423929E-04
   2   3   2  -2.70634470775E-04
   3   3   2   2.78206407174E-20
   1   1   3   0.00000000000E+00
   2   1   3  -2.70634423929E-04
   3   1   3   2.70634470775E-04
   1   2   3   2.70634423929E-04
   2   2   3   1.60622544072E-20
   3   2   3   1.09365896922E-03
   1   3   3  -2.70634470775E-04
   2   3   3  -1.09365896922E-03
   3   3   3  -2.78206407174E-20
   3   2   2   2
   1   1   1   0.00000000000E+00
   2   1   1   0.00000000000E+00
   3   1   1   0.00000000000E+00
   1   2   1   0.00000000000E+00
   2   2   1   0.00000000000E+00
   3   2   1   0.00000000000E+00
   1   3   1   0.00000000000E+00
   2   3   1   0.00000000000E+00
   3   3   1   0.00000000000E+00
   1   1   2   0.00000000000E+00
   2   1   2   3.36969449272E-04
   3   1   2   4.04307178256E-04
   1   2   2  -3.36969449272E-04
   2   2   2  -2.78206407174E-20
   3   2   2   3.36969449272E-04
   1   3   2  -4.04307178256E-04
   2   3   2  -3.36969449272E-04
   3   3   2   2.78206407174E-20
   1   1   3   0.00000000000E+00
   2   1   3   4.04307178256E-04
   3   1   3   3.36969449272E-04
   1   2   3  -4.04307178256E-04
   2   2   3   2.78206407174E-20
   3   2   3  -3.36969449272E-04
   1   3   3  -3.36969449272E-04
   2   3   3   3.36969449272E-04
   3   3   3  -2.78206407174E-20
   3   3   1   1
   1   1   1   2.72002693622E-02
   2   1   1   7.80730501364E-04
   3   1   1   7.80730501364E-04
   1   2   1   7.80730501364E-04
   2   2   1  -1.66074947872E-03
   3   2   1  -1.66074947872E-03
   1   3   1   7.80730501364E-04
   2   3   1  -1.66074947872E-03
   3   3   1  -1.66074947872E-03
   1   1   2   5.90039878841E-04
   2   1   2  -3.12470608993E-04
   3   1   2   5.90039878841E-04
   1   2   2  -3.12470608993E-04
   2   2   2  -6.02536027728E-03
   3   2   2  -3.12470608993E-04
   1   3   2   5.90039878841E-04
   2   3   2  -3.12470608993E-04
   3   3   2   5.90039878841E-04
   1   1   3   5.90039878841E-04
   2   1   3   5.90039878841E-04
   3   1   3  -3.12470608993E-04
   1   2   3   5.90039878841E-04
   2   2   3   5.90039878841E-04
   3   2   3  -3.12470608993E-04
   1   3   3  -3.12470608993E-04
   2   3   3  -3.12470608993E-04
   3   3   3  -6.02536027728E-03
   3   3   1   2
   1   1   1  -2.35727143913E-03
   2   1   1  -2.35727154068E-03
   3   1   1  -5.78378126975E-04
   1   2   1  -2.35727154068E-03
   2   2   1  -2.35727164224E-03
   3   2   1  -5.78378223582E-04
   1   3   1  -5.78378126975E-04
   2   3   1  -5.78378223582E-04
   3   3   1   4.60498490580E-03
   1   1   2  -1.38415186104E-03
   2   1   2  -5.77578331104E-04
   3   1   2  -5.77578343969E-04
   1   2   2  -5.77578331104E-04
   2   2   2   8.45646224357E-05
   3   2   2   8.45646654250E-05
   1   3   2  -5.77578343969E-04
   2   3   2   8.45646654250E-05
   3   3   2   8.45647084143E-05
   1   1   3   8.45647084143E-05
   2   1   3  -5.77578343969E-04
   3   1   3   8.45646654250E-05
   1   2   3  -5.77578343969E-04
   2   2   3  -1.38415186104E-03
   3   2   3  -5.77578331104E-04
   1   3   3   8.45646654250E-05
   2   3   3  -5.77578331104E-04
   3   3   3   8.45646224357E-05
   3   3   2   1
   1   1   1  -2.35727143913E-03
   2   1   1  -5.78378126975E-04
   3   1   1  -2.35727154068E-03
   1   2   1  -5.78378126975E-04
   2   2   1   4.60498490580E-03
   3   2   1  -5.78378223582E-04
   1   3   1  -2.35727154068E-03
   2   3   1  -5.78378223582E-04
   3   3   1  -2.35727164224E-03
   1   1   2   8.45647084143E-05
   2   1   2   8.45646654250E-05
   3   1   2  -5.77578343969E-04
   1   2   2   8.45646654250E-05
   2   2   2   8.45646224357E-05
   3   2   2  -5.77578331104E-04
   1   3   2  -5.77578343969E-04
   2   3   2  -5.77578331104E-04
   3   3   2  -1.38415186104E-03
   1   1   3  -1.38415186104E-03
   2   1   3  -5.77578343969E-04
   3   1   3  -5.77578331104E-04
   1   2   3  -5.77578343969E-04
   2   2   3   8.45647084143E-05
   3   2   3   8.45646654250E-05
   1   3   3  -5.77578331104E-04
   2   3   3   8.45646654250E-05
   3   3   3   8.45646224357E-05
   3   3   2   2
   1   1   1   2.97396285809E-02
   2   1   1   3.89616437798E-04
   3   1   1   3.89616437798E-04
   1   2   1   3.89616437798E-04
   2   2   1  -1.06772251519E-03
   3   2   1  -1.06772251519E-03
   1   3   1   3.89616437798E-04
   2   3   1  -1.06772251519E-03
   3   3   1  -1.06772251519E-03
   1   1   2  -1.63874129352E-04
   2   1   2   5.88288803950E-04
   3   1   2  -1.63874129352E-04
   1   2   2   5.88288803950E-04
   2   2   2  -8.28624730556E-03
   3   2   2   5.88288803950E-04
   1   3   2  -1.63874129352E-04
   2   3   2   5.88288803950E-04
   3   3   2  -1.63874129352E-04
   1   1   3  -1.63874129352E-04
   2   1   3  -1.63874129352E-04
   3   1   3   5.88288803950E-04
   1   2   3  -1.63874129352E-04
   2   2   3  -1.63874129352E-04
   3   2   3   5.88288803950E-04
   1   3   3   5.88288803950E-04
   2   3   3   5.88288803950E-04
   3   3   3  -8.28624730556E-03
